-0.41110716547304144 0
-0.4188161797912505 0.001934120991626006
-0.43030006479925387 0.0021662257749396163
-0.42314677744808216 0.0023377787381708864
-0.4303048769698575 0.00240033922534868
-0.42595925908398613 0.0025098891079383605
-0.4263286726511806 0.002522919025362071
-0.42382334753520506 0.0025641260736781715
-0.42549311224037595 0.0025602519633902867
-0.4220502934322638 0.002593834698483229
-0.4316928399574965 0.0025936036984131033
-0.4290401499089308 0.0026360125704566616
-0.4269540836120624 0.0026028596387168133
-0.42520692401354776 0.00264562577377489
-0.4308161796011635 0.00260705892828494
-0.4248681660112225 0.002665922436402793
-0.4252370152740355 0.0026496670926383302
-0.42853623015361203 0.0026369750236580054
-0.4301689662523382 0.0026428274930974816
-0.4270068089599406 0.002647334008099507
-0.42833633405235694 0.002654067557781583
-0.42724631283595893 0.002623305838550264
-0.42590680372136014 0.0026279648700210816
-0.42659405987899385 0.0026143094315629147
-0.4328986671951394 0.0026121175689052508
-0.42923431195343925 0.0026528587582194717
-0.4291775347063771 0.0026271196362471824
-0.42552346019791304 0.0026436935444199834
-0.4309180749813372 0.0025997907248735018
-0.4277945016343353 0.0026520480478506516
-0.42505010917935926 0.0026425385111113297
