-0.41110716547304144 0
-0.419131494094846 0.002724642058926002
-0.42890989624921194 0.0031942932461578623
-0.430477048054559 0.003551288244624268
-0.43078790844646936 0.0037718485163008653
-0.43518770316687055 0.003948792589769105
-0.43276131636991866 0.0041871866270331015
-0.4264258280808918 0.004289611562176358
-0.43031046075375945 0.004360854508983766
-0.42196848058848807 0.004484121147095629
-0.4253332910006897 0.00447842801173162
-0.42624311976950924 0.004608241826114325
-0.43212757615271336 0.00464566982648582
-0.4276134414430235 0.004831731555659844
-0.42297860331240383 0.00483671352718314
-0.4203687242608488 0.004882978809228547
-0.4185716382459834 0.004915427966032448
-0.423177436383411 0.004948860352312374
-0.4288157890213639 0.004994003317463325
-0.4309693383758767 0.005079201095129428
-0.4212037506168369 0.005142623236615668
-0.42671894279196054 0.005123481420882372
-0.42071159927201496 0.005155036634562245
-0.41670107080602387 0.005133804930152832
-0.4243545753958249 0.005161609529715358
-0.42497812616885994 0.005231340591740675
-0.43008119950249896 0.005220554446935769
-0.4225224897041777 0.00525178038953457
-0.42897545358952766 0.005273183016766616
-0.4349927560881036 0.005333639897137923
-0.4256365140128944 0.005389475224623555
