2 0.024577760517732822 0.026966888923231642 0.04433997232638238
3 0.03707900781461504 0.04955947681792583 0.07493740365465543
4 0.04932875921719201 0.05767085811790269 0.08404086729004927
5 0.06139617912834368 0.0938115134743826 0.15208350236567303
6 0.07448433207085697 0.11458263316829782 0.19905810702539745
8 0.09962278913494374 0.13467942367459024 0.21546712825108208
10 0.12407947846297686 0.21437007224175175 0.3951609636982802
12 0.14962668119070083 0.22506710362482651 0.3777899319645383
16 0.19966932049519026 0.28605703081096995 0.45287704653851407
20 0.2487441065229828 0.5921456317450376 1.044527765010034
