2 -0.003543584091278685 0.004418199307666209 0.0074036983082315655
3 -0.005357755781588317 0.01091539811682998 0.01654344304742474
4 -0.007123091630913622 0.01059711358532377 0.01561059753375444
5 -0.008845189800191668 0.02531412272168153 0.04092122259491209
6 -0.010788328551616945 0.0316541729161379 0.05467026839911175
8 -0.014454331097621873 0.03142240536786059 0.050803591308143256
10 -0.017966030488290385 0.07145027467597065 0.12991088941446208
12 -0.021718406574568305 0.06182638879403365 0.10424359636230948
16 -0.028991872329094656 0.06999262665808033 0.11088253302066926
20 -0.03605075533833744 0.29631229101342405 0.5115166609292046
