-0.41110716547304144 0
-0.4245753219929518 0.0038659075680725383
-0.4231749461142569 0.004780545383777908
-0.438454297796494 0.005339772569153606
-0.4417012817741308 0.0060176073392836146
-0.42504164957338836 0.006739811373035668
-0.4225200347247868 0.007242413870431708
-0.42879336529459966 0.007931482297886162
-0.4340724245961129 0.008831722567239795
-0.43493255178234363 0.010182705226082887
-0.4355824176966398 0.010950180466632074
-0.41267496284156235 0.01293010794955523
-0.442041581518499 0.014788992973321808
-0.42710694817081185 0.017918434262814604
-0.46761249004166744 0.024750905491842525
-0.5204363720892367 0.05557440433595432
-0.5476551908675474 0.15282534247922439
-1.9905111875520067 1.2974924041209734
-23.995183672681108 60.14421770920146
-65033.22730688139 111040.55474978632
-258917134970.30872 487032528723.1377
7.07589997852093e+24 8.90082216248111e+24
-1.0569765128581686e+50 2.8990119715790675e+51
-7.210957147773715e+104 3.1638833885674443e+104
