2 0.024577760517739532 0.030906481623104005 0.0424886832706764
3 0.037079007814614796 0.05348917006730507 0.07273344203202547
4 0.049328759217192174 0.07747134583488459 0.10686591495223119
5 0.06139617912834134 0.10739594487082199 0.14535199691127643
6 0.07448433207085721 0.14050697665490258 0.18817285290887314
8 0.09962279455832859 0.21374906342059288 0.28216117351251113
10 0.12407947846298131 0.2943799728832842 0.38701685773338734
12 0.14962668119070377 0.38639133435545525 0.5049671785620261
16 0.19966932049520503 0.5935957067788249 0.7672582917691881
20 0.24874410652298276 0.8209287936635828 1.0584196364989609
