2 -0.0035435840912786854 0.0060825764922201745 0.008173515652210705
3 -0.0053577557815883215 0.012039703421608296 0.016551499707848423
4 -0.007123091630913621 0.02068213494856982 0.027919420585443163
5 -0.00884518980019167 0.03140445450842006 0.041850990646015204
6 -0.010788328551616941 0.04540576400309124 0.060559337045014976
8 -0.014454331097621922 0.08011100827175965 0.10530050553801791
10 -0.01796603048829039 0.12332665445934006 0.16132865879652544
12 -0.021718406574568895 0.1787910193612882 0.23254316960012136
16 -0.028991872329099114 0.3163848200086718 0.4090601301129006
20 -0.03605075533833836 0.49093086352592336 0.6308007506545646
