-5.327670478246492730e-02
-5.279452280719707652e-02
-5.330915496122826808e-02
-5.381525481406360806e-02
-5.314591718581309493e-02
-5.320073648066016986e-02
-5.316485998138600899e-02
-5.375568536744933928e-02
-5.313573764998008597e-02
-5.354509491814286870e-02
-5.295570153136982400e-02
-5.359218697041086277e-02
-5.329792829193370773e-02
-5.352279364040783693e-02
-5.309705511692790203e-02
-5.336072336167538288e-02
-5.343022025695074589e-02
-5.342213933619707755e-02
-5.325980615463746931e-02
-5.289830106551734329e-02
-5.323486830194443242e-02
-5.342953464388885271e-02
-5.312607661555558691e-02
-5.314820397187998424e-02
-5.359688804476004514e-02
-5.287413790065983304e-02
-5.337140865633373255e-02
-5.307347571851701862e-02
-5.327584138009880399e-02
-5.302306797834508562e-02
-5.302885862272564699e-02
-5.325359873795344756e-02
-5.365788978424297639e-02
-5.326571568715601085e-02
-5.353974753084222993e-02
-5.329643746777642382e-02
-5.353978771397083225e-02
-5.358684035403270957e-02
-5.332699960981292925e-02
-5.352712901206415491e-02
-5.341965178651614243e-02
-5.349712311639982787e-02
-5.322905941610637376e-02
-5.311755376730496053e-02
-5.326203469538629692e-02
-5.303344407227537222e-02
-5.309873046465030111e-02
-5.293971735317352240e-02
-5.333986208715672112e-02
-5.317494040677252926e-02
-5.349293881619893859e-02
-5.389018278695233838e-02
-5.315550454151474202e-02
-5.346602106270423316e-02
-5.294157415563193608e-02
-5.335653747219038651e-02
-5.348540729112240960e-02
-5.321730502694963644e-02
-5.319598499450844259e-02
-5.341832815134196083e-02
-5.320537272737501516e-02
-5.335039501028859821e-02
-5.328518237342360492e-02
-5.322970752140396278e-02
-5.323253727881231689e-02
-5.323314082728727165e-02
-5.348222655519931784e-02
-5.334851176300411252e-02
-5.331632408449434035e-02
-5.332171448294917987e-02
-5.336359270298141055e-02
-5.339294184095098178e-02
-5.348919087280914336e-02
-5.349902384343675765e-02
-5.346131044291784623e-02
-5.344992676096593787e-02
-5.307307107202690472e-02
-5.349883968891362002e-02
-5.308631063987932774e-02
-5.332848622855271281e-02
-5.313678858016533668e-02
-5.322494486944134157e-02
-5.333711002940322993e-02
-5.300834364844269481e-02
-5.344508249996424848e-02
-5.325289773886942440e-02
-5.269622003096539192e-02
-5.298513601793593958e-02
-5.293847405579161364e-02
-5.344823441776709594e-02
-5.339408041573831532e-02
-5.306762465952155616e-02
-5.325708597076966172e-02
-5.349637314599867133e-02
-5.283421492553183607e-02
-5.298630794776332253e-02
-5.292367952255920549e-02
-5.358979266368277955e-02
-5.321639846238470500e-02
-5.344262081917815904e-02
-5.381339562509016711e-02
-5.331085086495045144e-02
-5.320674947357804940e-02
-5.316636407795957697e-02
-5.308797742224063976e-02
-5.330549443300902634e-02
-5.332077619817710695e-02
-5.316299274834728611e-02
-5.324758541853817639e-02
-5.367054708459173540e-02
-5.322101078608571650e-02
-5.302332073475445745e-02
-5.359018405546363967e-02
-5.309857181405278070e-02
-5.348921797472769302e-02
-5.333198706298613451e-02
-5.360332011345057823e-02
-5.356601401438512017e-02
-5.325702066666630763e-02
-5.319684732965087454e-02
-5.323908986436694246e-02
-5.342578428938066226e-02
-5.333495725518461184e-02
-5.322798573779197878e-02
-5.341840123006206392e-02
-5.354018209837965725e-02
-5.367245308862814840e-02
-5.330996902519839070e-02
-5.331356661418325260e-02
-5.313557970163352434e-02
-5.340205203936754935e-02
-5.371390185103775555e-02
-5.332393690923389190e-02
-5.354135334733739482e-02
-5.317295277073103704e-02
-5.333874259204898771e-02
-5.320313715187447584e-02
-5.342042875693021886e-02
-5.302305185683694327e-02
-5.314439124296319733e-02
-5.339366607282364924e-02
-5.362912048980760654e-02
-5.355527805130129437e-02
-5.333891581763226114e-02
-5.343763289710048991e-02
-5.301153631692050866e-02
-5.348170045987986343e-02
-5.319910830863331525e-02
-5.325090870455619768e-02
-5.316111367704488833e-02
-5.322554996600215721e-02
-5.331089502764280869e-02
-5.302794133235794877e-02
-5.363679194869976075e-02
-5.340617775466987432e-02
-5.313588116727917948e-02
-5.346942061658183781e-02
-5.323397819217803861e-02
-5.308056884099222883e-02
-5.311327950245640223e-02
-5.320115307437762314e-02
-5.346842401502611281e-02
-5.343250789897495412e-02
-5.300697288071090640e-02
-5.327954879972061214e-02
-5.354670676128463896e-02
-5.313682619836454513e-02
-5.330423301790796625e-02
-5.351653757260579208e-02
-5.344647637141840268e-02
-5.303106538445056389e-02
-5.329103543127955422e-02
-5.317463037903887718e-02
-5.350283468960577438e-02
-5.324466819829410530e-02
-5.333907035030185234e-02
-5.327510070812183085e-02
-5.274414415786340266e-02
-5.367069465597015115e-02
-5.291101801263550786e-02
-5.340342913566615418e-02
-5.314140571424225135e-02
-5.351881651139745594e-02
-5.345956641116684366e-02
-5.299077830205355805e-02
-5.316675297737035594e-02
-5.290626967837319672e-02
-5.327754342309985042e-02
-5.323260889541957253e-02
-5.305181084373196410e-02
-5.359475754523770896e-02
-5.307220248830553377e-02
-5.325801834967825582e-02
-5.341941847710646174e-02
-5.360121850637176305e-02
-5.313848251712535720e-02
-5.351028213496067387e-02
-5.314665098775759461e-02
-5.302555591214742209e-02
-5.360947275399324113e-02
-5.345531535086907315e-02
-5.328037428656788588e-02
-5.333652844181334396e-02
-5.310141270927173224e-02
-5.318162400773147891e-02
-5.335196291934873880e-02
-5.335233512751753199e-02
-5.337860610997996469e-02
-5.323678078189391510e-02
-5.365081462994597539e-02
-5.362903792155552379e-02
-5.344807699440694282e-02
-5.356024142280319672e-02
-5.374065507719979345e-02
-5.356885736870946324e-02
-5.324794428382861183e-02
-5.312209585250217414e-02
-5.347498142695018830e-02
-5.340269745834715781e-02
-5.332108243569338990e-02
-5.365659357574125571e-02
-5.342562839463025487e-02
-5.328485166826459757e-02
-5.332123199815397285e-02
-5.350918024619933516e-02
-5.341890417298517102e-02
-5.330969656022525871e-02
-5.317898518538755059e-02
-5.326140589930461466e-02
-5.370213745261313842e-02
-5.336910203146071063e-02
-5.381992141001504942e-02
-5.323367621211807371e-02
-5.335477960806307013e-02
-5.354267190844290425e-02
-5.312795295191641287e-02
-5.314419929607902549e-02
-5.300896275096920324e-02
-5.315174473046196946e-02
-5.354375461610048209e-02
-5.338715855183449183e-02
-5.305647317593933932e-02
-5.336170975329413563e-02
-5.322315329428989328e-02
-5.319119524391607845e-02
-5.298970883126211812e-02
-5.367212600713540394e-02
-5.334398366834543909e-02
-5.341886956052993574e-02
-5.317815028729423743e-02
-5.342921979583425962e-02
-5.334560927298823141e-02
-5.323093686845999789e-02
-5.347978533906568022e-02
-5.302567264993101465e-02
-5.314352040530313098e-02
-5.328015561128941063e-02
-5.350597432709957441e-02
-5.377070199584776250e-02
-5.329467129832279881e-02
-5.320457755506911857e-02
-5.303489321774854798e-02
-5.331362987941160730e-02
-5.296815863785616502e-02
-5.315668306362603124e-02
-5.303925180342439205e-02
-5.326487955853272116e-02
-5.351320929410929156e-02
-5.331045248189126423e-02
-5.321882070991162256e-02
-5.357535474678525034e-02
-5.309447343917600426e-02
-5.339364774841479089e-02
-5.341763240839554616e-02
-5.333177101552544902e-02
-5.303444264873279079e-02
-5.323374669718444058e-02
-5.354057462718098820e-02
-5.359820254226500824e-02
-5.345948527770137682e-02
-5.334596877750474170e-02
-5.322903742635165525e-02
-5.329255888640243438e-02
-5.356481324873417493e-02
-5.336714746723090347e-02
-5.366363028960468434e-02
-5.289013380994769808e-02
-5.335424699281898775e-02
-5.307637894107507248e-02
-5.368012798443640848e-02
-5.323304793898161330e-02
-5.321676043608598861e-02
-5.371640061313079362e-02
-5.338533072650303996e-02
-5.295295102459114667e-02
-5.325912027245761210e-02
-5.354651178690124358e-02
-5.311724288667968308e-02
-5.345295996455880216e-02
-5.347384317903187273e-02
-5.358414305752344509e-02
-5.356245942721347270e-02
-5.325152869653339976e-02
-5.341740936539324941e-02
-5.354580225536972882e-02
-5.345718081904493602e-02
-5.336452710223146823e-02
-5.365192255589720793e-02
-5.314670284893814600e-02
-5.335258803937842353e-02
-5.340559506505822285e-02
-5.338781435418580440e-02
-5.335288014760630748e-02
-5.329848604536237960e-02
-5.271825027772630151e-02
-5.324991253083230514e-02
-5.350018889537951072e-02
-5.325758229078066119e-02
-5.334964280956747823e-02
-5.326194635366509472e-02
-5.315682204174029118e-02
-5.319221239887317321e-02
-5.322481907517332550e-02
-5.354459188403397352e-02
-5.319071973560434569e-02
-5.313728054435906678e-02
-5.346487216381092672e-02
-5.359944344920194309e-02
-5.346678932022386199e-02
-5.337612407027978595e-02
-5.348305377291438095e-02
-5.340715335109154360e-02
-5.361091516769302817e-02
-5.341350980673979093e-02
-5.346072659903643165e-02
-5.311266446093981103e-02
-5.327230571481475496e-02
-5.332834379999445290e-02
-5.335165335602683190e-02
-5.330350525102527104e-02
-5.309390675598234244e-02
-5.356029404219121715e-02
-5.317667875324400689e-02
-5.320138011567124292e-02
-5.343500194614706628e-02
-5.294482154938325719e-02
-5.313582166940409440e-02
-5.346812694142157735e-02
-5.305724154074433624e-02
-5.328974239077401143e-02
-5.322151581081726451e-02
-5.323185937549926305e-02
-5.317062169810275740e-02
-5.306838215951094340e-02
-5.307130770228964817e-02
-5.311511413026032830e-02
-5.329808464002412649e-02
-5.335900464470626214e-02
-5.335415986787843401e-02
-5.335285695917908050e-02
-5.306599816993744917e-02
-5.325400599797813078e-02
-5.345447502036013154e-02
-5.299438530120652302e-02
-5.339784072717770891e-02
-5.347196490735501434e-02
-5.360935360691790330e-02
-5.326876126001517386e-02
-5.328250857920076300e-02
-5.378798232283359126e-02
-5.337216502073048596e-02
-5.324879292758120941e-02
-5.322384744335884044e-02
-5.326514603466780268e-02
-5.323978548348296674e-02
-5.339129240497986206e-02
-5.365458955003268166e-02
-5.345013768651212666e-02
-5.361261482070625584e-02
-5.391200193148655562e-02
-5.361587222456025426e-02
-5.348316432658691000e-02
-5.317323092376214505e-02
-5.312082437110909883e-02
-5.283193562018405343e-02
-5.322980227290885491e-02
-5.323404503523525289e-02
-5.338543327023958368e-02
-5.339130913513243787e-02
-5.326873771728529716e-02
-5.313203479353305336e-02
-5.388074579492522359e-02
-5.299760241844319458e-02
-5.331104088035115013e-02
-5.356124558075810865e-02
-5.341583529239396499e-02
-5.330729330700610669e-02
-5.309202123463105383e-02
-5.345075613102317352e-02
-5.317613225988795933e-02
-5.296075781775722024e-02
-5.286809114143140725e-02
-5.343344341782451518e-02
-5.315046969654468184e-02
-5.300733446770510005e-02
-5.361858761513102478e-02
-5.340406060677919259e-02
-5.326033727180013583e-02
-5.341631566975067746e-02
-5.334261143227656682e-02
-5.360056249280188007e-02
-5.324324031919675654e-02
-5.364710662526465251e-02
-5.347713315674062357e-02
-5.313004318617612493e-02
-5.334691355895039566e-02
-5.329924833511363175e-02
-5.311650421103438630e-02
-5.360595748433105712e-02
-5.328326963720504683e-02
-5.313499178355364505e-02
-5.353093592910911080e-02
-5.305188152604411317e-02
-5.317229136858191846e-02
-5.328888569976018147e-02
-5.341051700606073982e-02
-5.319678336630209031e-02
-5.325953450308629905e-02
-5.300945702788519009e-02
-5.344005150797368625e-02
-5.326636093991538035e-02
-5.383145875791889301e-02
-5.317200121803530855e-02
-5.295343594267661741e-02
-5.305755235586236129e-02
-5.322140285904435053e-02
-5.372455803277639830e-02
-5.333966464975364863e-02
-5.327431965889335014e-02
-5.348818912198360920e-02
-5.334135524229360881e-02
-5.307345909546547225e-02
-5.320883750922897337e-02
-5.344946949939028552e-02
-5.346163122841032095e-02
-5.322468526826779761e-02
-5.351811160734528533e-02
-5.327247416994464191e-02
-5.306684573773568642e-02
-5.305003185764314844e-02
-5.332851439844146779e-02
-5.323159115334778757e-02
-5.318549426219588289e-02
-5.311661848525686680e-02
-5.323590597996189638e-02
-5.321047125728072674e-02
-5.323548214131224032e-02
-5.361309045285220926e-02
-5.334509207204502640e-02
-5.303913731892961198e-02
-5.311383300266958596e-02
-5.331687525005366496e-02
-5.295461901056749965e-02
-5.347398902700773587e-02
-5.291188572662264278e-02
-5.349954634536257386e-02
-5.349852573266391381e-02
-5.293655686942936450e-02
-5.368943513039459853e-02
-5.328814760865020761e-02
-5.357107559896657351e-02
-5.350549513958325482e-02
-5.331054918404068421e-02
-5.312053878177325911e-02
-5.328491610077591006e-02
-5.309700004739553725e-02
-5.339900035303018350e-02
-5.344544253884464524e-02
-5.364178881586970093e-02
-5.328755045081141201e-02
-5.333305520391855292e-02
-5.329286330594885240e-02
-5.349328705720401977e-02
-5.343625734307091979e-02
-5.308894268755189744e-02
-5.302282764651345542e-02
-5.389285690990216343e-02
-5.326142578630259361e-02
-5.343957054898275383e-02
-5.360441988867818003e-02
-5.329020937606538527e-02
-5.338928828031185708e-02
-5.337422385468465480e-02
-5.330759407501674957e-02
-5.324577151936270986e-02
-5.337101993081327239e-02
-5.364291637923519068e-02
-5.334428174831525732e-02
-5.373469912215087657e-02
-5.302593118253178667e-02
-5.291484965863088585e-02
-5.285240236416661325e-02
-5.306308782700620841e-02
-5.350406797210177645e-02
-5.291718994984522667e-02
-5.278754806098519270e-02
-5.326507486121792589e-02
-5.343008374174762487e-02
-5.344419704310770375e-02
-5.322596231306975234e-02
-5.333681725737098728e-02
-5.339610069143425897e-02
-5.341209913109832425e-02
-5.325347073709805340e-02
-5.349911689050453056e-02
-5.317452808184339186e-02
-5.309417351683674846e-02
-5.335162110719514350e-02
-5.368054878986575768e-02
-5.345540783732211781e-02
-5.325431368234888330e-02
-5.337964919668387181e-02
-5.341772029486946405e-02
-5.353222080996032639e-02
-5.317852394637619107e-02
-5.324115802057967362e-02
-5.354188799385629915e-02
-5.361467796265149965e-02
-5.326049129786598196e-02
-5.336789877303509122e-02
-5.322522972662396129e-02
-5.341215293037739065e-02
-5.347661952244436856e-02
-5.338359549740887694e-02
-5.326052598435802865e-02
-5.313076249453455024e-02
-5.345061045087685231e-02
-5.328604953712558906e-02
-5.349329776658185570e-02
-5.313230821139855453e-02
-5.301899888945113548e-02
-5.362009449462250277e-02
-5.355843916928126197e-02
-5.358906734814161688e-02
-5.326173486687731801e-02
-5.280487518486003118e-02
-5.356353644494536714e-02
-5.304810999775124575e-02
-5.340536782465417354e-02
-5.331078043630705504e-02
-5.352726507237577647e-02
-5.327632636342601730e-02
-5.301476872475648777e-02
-5.299356187008212593e-02
-5.318104314224603169e-02
-5.321385957704680147e-02
-5.321979587529277606e-02
-5.311049153768387238e-02
-5.351512109410973272e-02
-5.315667233354639393e-02
-5.312342658486893937e-02
-5.321007137060240061e-02
-5.370899805261154097e-02
-5.318593672451002452e-02
-5.341434763544092995e-02
-5.293915716125822263e-02
-5.326716998606526032e-02
-5.318192697667719487e-02
-5.331208914368765900e-02
-5.326001233643198884e-02
-5.312031467058721951e-02
-5.345632092684952930e-02
-5.311116643502340057e-02
-5.326351993153409514e-02
-5.371760211553398140e-02
-5.324473187960742510e-02
-5.326817277637199005e-02
-5.349139979452684213e-02
-5.316601802479423156e-02
-5.341940906280594897e-02
-5.375726500886082032e-02
-5.325895022748529384e-02
-5.338426822799322014e-02
-5.371712770575499257e-02
-5.304757572179401998e-02
-5.302083182530734767e-02
-5.317198446918408594e-02
-5.363770025778652473e-02
-5.325274030727395608e-02
-5.318476827700176213e-02
-5.362181142805664408e-02
-5.348978297821794375e-02
-5.305222925793313948e-02
-5.358566057039076957e-02
-5.297495090280721769e-02
-5.321141301324856798e-02
-5.301463728696768213e-02
-5.299651897370145220e-02
-5.287275195429011476e-02
-5.344377199731168565e-02
-5.368358569108132999e-02
-5.338549076526703796e-02
-5.338466773377661262e-02
-5.308282547554957209e-02
-5.322833675958714428e-02
-5.330552206557084838e-02
-5.333086422487533923e-02
-5.350951037451413816e-02
-5.291720554924837089e-02
-5.319297206389472094e-02
-5.339229648362377872e-02
-5.370774736855619264e-02
-5.328678624030707550e-02
-5.341215125420423204e-02
-5.342399079665364342e-02
-5.328276923428005435e-02
-5.335418743361056843e-02
-5.341416588939412735e-02
-5.330034699110949847e-02
-5.354167032075279192e-02
-5.328360404341743461e-02
-5.373271390572716133e-02
-5.321990028571998294e-02
-5.319134709185413534e-02
-5.349450184273200903e-02
-5.339700092912248036e-02
-5.358417305916432505e-02
-5.338096866334601787e-02
-5.348333503766093677e-02
-5.348892758768437894e-02
-5.316492851944595172e-02
-5.313562282606762444e-02
-5.342056313368340192e-02
-5.288310273428449559e-02
-5.376346359342148995e-02
-5.330351763367820878e-02
-5.373159262363336186e-02
-5.337532265134520976e-02
-5.320784335471163279e-02
-5.345810667969107255e-02
-5.319204106795090425e-02
-5.312350938792455290e-02
-5.363265621081653861e-02
-5.345475312330155715e-02
-5.349557600321959427e-02
-5.335257899274540444e-02
-5.347768915866270290e-02
-5.358756960973580508e-02
-5.307003123309792653e-02
-5.343967723037088002e-02
-5.308269186991999844e-02
-5.309489552961414033e-02
-5.297858886141117163e-02
-5.318193365950194679e-02
-5.349050697637822843e-02
-5.350871262306375331e-02
-5.315623150625469612e-02
-5.355317350603486931e-02
-5.346206182000670659e-02
-5.332158257022012043e-02
-5.329496155570149357e-02
-5.323646874786967798e-02
-5.329152157575612475e-02
-5.309674620500707404e-02
-5.335059974059850468e-02
-5.326109608017677577e-02
-5.350491861579743935e-02
-5.340993454776379878e-02
-5.311071632813942067e-02
-5.359674815276309345e-02
-5.340317917761058797e-02
-5.343648749056794517e-02
-5.341443790318606277e-02
-5.319805107235003189e-02
-5.348701057239838019e-02
-5.360059252201179736e-02
-5.322168518862827047e-02
-5.325258924198806448e-02
-5.357872109379899217e-02
-5.333674044409546233e-02
-5.358599387019088306e-02
-5.337767863143513813e-02
-5.322637395634417790e-02
-5.364394791916233390e-02
-5.334259799729934581e-02
-5.330822252444580855e-02
-5.376963850538381967e-02
-5.305505654343511263e-02
-5.351841337214097161e-02
-5.345484046430812319e-02
-5.365707557930265298e-02
-5.354951579142703394e-02
-5.365903047868084141e-02
-5.322888517582061857e-02
-5.311419953047126497e-02
-5.346900810754699057e-02
-5.331491857619462260e-02
-5.332520442311357300e-02
-5.329318600667858064e-02
-5.354754542288948232e-02
-5.366604097125644152e-02
-5.328779910671519598e-02
-5.340104993769527464e-02
-5.337458534063050514e-02
-5.310904597351160522e-02
-5.282966569501282295e-02
-5.334461265461881013e-02
-5.346922273697585215e-02
-5.324819287055267136e-02
-5.345250054146959834e-02
-5.356542602530432740e-02
-5.357645596819749639e-02
-5.350391072440046497e-02
-5.334763220092644115e-02
-5.333634799998984016e-02
-5.335845149265414783e-02
-5.329397231069221696e-02
-5.306923912254467995e-02
-5.339759750839207647e-02
-5.328970909107636628e-02
-5.336950491945886832e-02
-5.321974525965031400e-02
-5.339368392993565360e-02
-5.335147649375896611e-02
-5.340128585591486648e-02
-5.350650272077465269e-02
-5.312678654943604750e-02
-5.314834839992370330e-02
-5.306724577951257849e-02
-5.297869667022607476e-02
-5.330580514616114346e-02
-5.311207269922425117e-02
-5.315076564699963008e-02
-5.338864016825552172e-02
-5.310858691263838083e-02
-5.350858478720776912e-02
-5.316079685133352772e-02
-5.315875558257542738e-02
-5.366761562578740291e-02
-5.345900791564448667e-02
-5.340550295462918179e-02
-5.350499628203758684e-02
-5.321306542587166122e-02
-5.330747659378047565e-02
-5.379435537619280810e-02
-5.335887500908927106e-02
-5.320564346031828734e-02
-5.323581385634940794e-02
-5.336986278282507268e-02
-5.344905181222250196e-02
-5.336141414411974676e-02
-5.320451887296483856e-02
-5.327852769053745274e-02
-5.305419049698709838e-02
-5.305896199412745567e-02
-5.333048281347937958e-02
-5.345287811802601485e-02
-5.332296296637108884e-02
-5.327091921669158125e-02
-5.369082159434724472e-02
-5.363858831159429991e-02
-5.342150148247599983e-02
-5.346756792757233895e-02
-5.320417322896317525e-02
-5.342647946963289401e-02
-5.319786294137041072e-02
-5.360976390086778787e-02
-5.338164167332039994e-02
-5.287290515999770041e-02
-5.302266178047194967e-02
-5.319937883257857408e-02
-5.342495326987328763e-02
-5.343519130298161196e-02
-5.342406037901506477e-02
-5.312011612965881341e-02
-5.331899742549777582e-02
-5.308555181853427674e-02
-5.331778812107987320e-02
-5.335176559039848943e-02
-5.350178633768846309e-02
-5.296583731330387762e-02
-5.335858109385201858e-02
-5.355065419615465117e-02
-5.285578588791923355e-02
-5.331500639280368353e-02
-5.303549033589136097e-02
-5.315552834742928029e-02
-5.331243341100933009e-02
-5.331180479439867614e-02
-5.368867993358013985e-02
-5.349155180838024992e-02
-5.359519988312133609e-02
-5.326953587459305750e-02
-5.331285783372929910e-02
-5.330393276602804487e-02
-5.332568918414411913e-02
-5.328068855394585412e-02
-5.325736550348707243e-02
-5.298364535859469843e-02
-5.356685179455767526e-02
-5.345329361545425595e-02
-5.350113068295261898e-02
-5.354999384062934797e-02
-5.307185486562348425e-02
-5.336430785894108464e-02
-5.343948819968086239e-02
-5.293835608918927293e-02
-5.344684201264566364e-02
-5.330456265131459231e-02
-5.352406399410263721e-02
-5.334201354549148594e-02
-5.388994356309712019e-02
-5.340005747936652641e-02
-5.338080352733171052e-02
-5.341781467953535950e-02
-5.316859114803181713e-02
-5.327286689093994887e-02
-5.367299954775327925e-02
-5.385925255702045389e-02
-5.313343200095346081e-02
-5.339307791705713568e-02
-5.365927237420948376e-02
-5.366636777103344497e-02
-5.373597758583362888e-02
-5.333528664297568916e-02
-5.371955575536102589e-02
-5.314595086773995364e-02
-5.332400592933406180e-02
-5.324960375300571286e-02
-5.295259541505023537e-02
-5.317986458068755390e-02
-5.323711412298354206e-02
-5.332780594928143020e-02
-5.310200408899013597e-02
-5.286542526121632002e-02
-5.323482869907666948e-02
-5.327642701451185125e-02
-5.343060441032861096e-02
-5.326678699058758071e-02
-5.344745061160011829e-02
-5.354089545918196830e-02
-5.356015757922327064e-02
-5.286113972583247889e-02
-5.357138061578355093e-02
-5.346718439184824923e-02
-5.322916882904013547e-02
-5.288158927252014502e-02
-5.340805037923757048e-02
-5.279564180648780441e-02
-5.309237181887874191e-02
-5.327183207638047646e-02
-5.386263501511089763e-02
-5.349007626828396894e-02
-5.319710507006988193e-02
-5.342017167560883517e-02
-5.355604996846360932e-02
-5.323356374315870582e-02
-5.325920203969849998e-02
-5.328846237771071859e-02
-5.297874661751246494e-02
-5.330499544537901924e-02
-5.311408717401628482e-02
-5.371861215910663651e-02
-5.329986611599680374e-02
-5.308865680934107129e-02
-5.309651678663348390e-02
-5.290044786046058101e-02
-5.311875732266757577e-02
-5.356619147516054891e-02
-5.299807956839062278e-02
-5.373478441333714994e-02
-5.320154353668019725e-02
-5.326295964294006091e-02
-5.313219314312499914e-02
-5.320063479972383241e-02
-5.318095929690946910e-02
-5.303694787188251852e-02
-5.340840555342776103e-02
-5.318186589038519096e-02
-5.294142364295788272e-02
-5.320749335878952740e-02
-5.303796675044557957e-02
-5.340081959643283582e-02
-5.336192890647087350e-02
-5.323446971188534882e-02
-5.332696295493139643e-02
-5.318373923167669937e-02
-5.338015130219158494e-02
-5.337851663149224823e-02
-5.341874708392866516e-02
-5.352655814929804801e-02
-5.350970503237161002e-02
-5.326421303562577786e-02
-5.312779920214439483e-02
-5.341761602085221688e-02
-5.344759042618677652e-02
-5.354849269739551249e-02
-5.289931629490085552e-02
-5.313471860069868269e-02
-5.355911823007622474e-02
-5.318395586562777583e-02
-5.339583545909033085e-02
-5.317988503042526266e-02
-5.335524630643612848e-02
-5.315349734536115728e-02
-5.346402928394444060e-02
-5.312652155689977923e-02
-5.350361718049784915e-02
-5.330866811283764550e-02
-5.375028412031743891e-02
-5.320356105842929950e-02
-5.370918699712785155e-02
-5.355571952282983661e-02
-5.354610560965941679e-02
-5.313559185699286147e-02
-5.320844102644221862e-02
-5.324308798902232381e-02
-5.323891330918150561e-02
-5.345394506745644592e-02
-5.336509177873084708e-02
-5.324948657204359170e-02
-5.327536649920745077e-02
-5.318476913427168384e-02
-5.313591016243822407e-02
-5.357813172720239658e-02
-5.342389164467221951e-02
-5.376177629905534022e-02
-5.327062134445897934e-02
-5.346981203336685640e-02
-5.327161068335273947e-02
-5.321047311072249486e-02
-5.341191382319911141e-02
-5.399508976830510315e-02
-5.344494901537378412e-02
-5.306199174244323469e-02
-5.319357215930040766e-02
-5.337599812315165643e-02
-5.342577576381368071e-02
-5.308253700989673529e-02
-5.355445934531304769e-02
-5.356988950999079513e-02
-5.353677754944862616e-02
-5.336270146852525875e-02
-5.323368664593339239e-02
-5.336082456244041483e-02
-5.312530574383739213e-02
-5.354199541534012535e-02
-5.320562693669639298e-02
-5.331918575056690535e-02
-5.337925481250466175e-02
-5.308467591072482672e-02
-5.368063153923707115e-02
-5.326018845103417526e-02
-5.314079581987041917e-02
-5.318095547774387422e-02
-5.342110584041504656e-02
-5.354927256985506784e-02
-5.319061058642575446e-02
-5.316523464917892461e-02
-5.374480943490082818e-02
-5.311797052922124368e-02
-5.315827234498909926e-02
-5.321641404747799731e-02
-5.343366248168615606e-02
-5.329368848981716478e-02
-5.330394210427605306e-02
-5.357300923570439827e-02
-5.294319094173123574e-02
-5.299166154775872273e-02
-5.326261543053772973e-02
-5.326737062999844369e-02
-5.313111759486601610e-02
-5.351564321831724785e-02
-5.312890133224885264e-02
-5.322385216815878756e-02
-5.321692368616346563e-02
-5.314653837634487898e-02
-5.327706814804719637e-02
-5.336120015820386420e-02
-5.341042894207035513e-02
-5.306953825218013732e-02
-5.338312446846264075e-02
-5.319864690621874809e-02
-5.340100854967110705e-02
-5.311901027523171365e-02
-5.335583461245862330e-02
-5.374905598511990623e-02
-5.323756130303605727e-02
-5.366970446743108553e-02
-5.332743314061952344e-02
-5.358881051941325607e-02
-5.309759064598246897e-02
-5.351695306688415005e-02
-5.276542520420785670e-02
-5.339357096452801432e-02
-5.328819985091141215e-02
-5.301059381857674974e-02
-5.370868265184686186e-02
-5.344796551547506547e-02
-5.358994104598054087e-02
-5.307322877148309970e-02
-5.291763741513966918e-02
-5.348971945919410442e-02
-5.322663516275218110e-02
-5.353195458339631008e-02
-5.351308006344519808e-02
-5.330410693778318831e-02
-5.337246130436835295e-02
-5.346643078972899976e-02
-5.323302589470523677e-02
-5.337740763229559260e-02
-5.354355732438747378e-02
-5.336177623669738357e-02
-5.348568057066242776e-02
-5.317498150164991916e-02
-5.324058709337020634e-02
-5.317471550674606612e-02
-5.305464326054867841e-02
-5.332145097847682674e-02
-5.329310636106989602e-02
-5.365737433904833875e-02
-5.345122253301966275e-02
-5.343635407635649592e-02
-5.296566081189699182e-02
-5.302266508075518386e-02
-5.334739201790642676e-02
-5.369999436970703671e-02
-5.325593425785776075e-02
-5.325368221444439637e-02
-5.305959806868635470e-02
-5.346890510107013550e-02
-5.328521170184171568e-02
-5.346316687479397978e-02
-5.346647090469701380e-02
-5.335790347128246958e-02
-5.282744571640085596e-02
-5.337469028148915384e-02
-5.355170678254857902e-02
-5.302535112303741888e-02
-5.289990437201367440e-02
-5.342731826073872370e-02
-5.323682093075615684e-02
-5.346842517215274343e-02
-5.329211668830073634e-02
-5.331157557160227239e-02
-5.314739779492885785e-02
-5.382204441730954053e-02
-5.333175367234836706e-02
-5.343614930249276224e-02
-5.343242366996018428e-02
-5.352717662404928717e-02
-5.360644934539607331e-02
-5.326080201144859499e-02
-5.326644733131830067e-02
-5.332652562905711852e-02
-5.353949567593515452e-02
-5.347250485005442672e-02
-5.312252897205437668e-02
-5.343899924032550347e-02
-5.347199374093766083e-02
-5.284209002276878814e-02
-5.327713977239850046e-02
-5.349295738648567750e-02
-5.352065607299510280e-02
-5.339277179933051704e-02
-5.324783526120957511e-02
-5.321410654032100729e-02
-5.342088468130457013e-02
-5.307782176709128358e-02
-5.330528331724664753e-02
-5.317968952584031794e-02
-5.318078946849489480e-02
-5.326452258911450188e-02
-5.315781788640582678e-02
-5.344338946223133741e-02
-5.332579865276099867e-02
-5.325876012187830133e-02
-5.313125037481231799e-02
-5.315182516064433788e-02
-5.331643044517155039e-02
-5.325313524559546069e-02
-5.323375335298421995e-02
-5.352386970025360680e-02
-5.336679948790840761e-02
-5.343768880865128190e-02
-5.329244817306959953e-02
-5.349024851513169837e-02
-5.341515888063212009e-02
-5.351041225973105636e-02
-5.304931396824429796e-02
-5.343276983080304937e-02
-5.318254374209246266e-02
-5.321641611754183987e-02
-5.347494327985894552e-02
-5.294017135632680948e-02
-5.334003591740912181e-02
-5.341153502512467621e-02
-5.330421909436255934e-02
-5.346579384385965333e-02
-5.344870924805382451e-02
-5.318241444809151258e-02
-5.297998637255661031e-02
-5.340592255703220659e-02
-5.332723313135077914e-02
-5.337849293866016309e-02
-5.330570245233522825e-02
-5.356841401246125595e-02
-5.348976056212754321e-02
-5.304932887917568340e-02
-5.334233401512680078e-02
-5.335103536403715263e-02
-5.313602716070369575e-02
-5.332930356971224417e-02
-5.316501891074988662e-02
-5.346925162975699197e-02
-5.297618217838402643e-02
-5.311071876064363956e-02
-5.304137362195873728e-02
-5.331622258769055933e-02
-5.328120608969125899e-02
-5.368574479418183193e-02
-5.362391077400179007e-02
-5.315342452042263327e-02
-5.320449433628440111e-02
-5.347451514342653478e-02
-5.349212218799748869e-02
-5.341441024759590456e-02
-5.310406621996086041e-02
-5.347867934481374819e-02
-5.333257234565556837e-02
-5.323952305981677346e-02
-5.344818884814028781e-02
-5.314101687380280714e-02
-5.380180440242883499e-02
-5.336490443355634827e-02
-5.294345053562602571e-02
-5.313747359321727148e-02
-5.344401261212415599e-02
-5.320821463025231235e-02
-5.334197349284988676e-02
-5.333104331392597014e-02
-5.353982278510203974e-02
-5.369714211287542754e-02
-5.319794805409002597e-02
-5.334370286601856914e-02
-5.349733330349729088e-02
-5.331656733849005764e-02
-5.333554424056272114e-02
-5.335309387963337729e-02
-5.326897265041762725e-02
-5.301675794255157614e-02
-5.317693322411339019e-02
-5.343424902935521581e-02
-5.346378945910511965e-02
-5.284792019011275849e-02
-5.320151797193346105e-02
-5.334077177139166098e-02
-5.298246466228165308e-02
-5.329437690687842399e-02
-5.357325934460919342e-02
-5.319594161557833489e-02
-5.323943474915553836e-02
-5.348844211255096570e-02
-5.336583878418649229e-02
-5.336041575917054719e-02
-5.355896232353420106e-02
-5.313345513724487129e-02
-5.327060928371588761e-02
-5.342097428282002042e-02
-5.348672735676385237e-02
-5.358844708331635814e-02
-5.340422802525649631e-02
-5.288392038482476326e-02
-5.300435931305230025e-02
-5.299288117882384325e-02
-5.353920090485695532e-02
-5.327790164870600809e-02
-5.344037664886523709e-02
-5.335685096093201879e-02
-5.346422026068918532e-02
-5.363617673032634869e-02
-5.341313886277282430e-02
-5.321443323373421103e-02
-5.316058137278290713e-02
-5.350095635507678277e-02
-5.321835994047969393e-02
-5.316427331289383384e-02
-5.349448312236997072e-02
-5.390043102030224464e-02
-5.324150126340829181e-02
-5.331627665877862465e-02
-5.346366747775673639e-02
-5.328459078479653999e-02
-5.309796343338485380e-02
-5.333650690728329591e-02
-5.346468198541879518e-02
-5.328173677615951481e-02
-5.313160410698648112e-02
-5.377672570530681040e-02
-5.338482427017737786e-02
-5.358832174473278365e-02
-5.345861812105367344e-02
-5.331975416368876786e-02
-5.329839285924121983e-02
-5.344318701380169900e-02
-5.340835724227774306e-02
-5.326962550437348148e-02
-5.329970251987168478e-02
-5.308743245638933295e-02
-5.335176014999611777e-02
-5.315844915621066591e-02
-5.312580438724175125e-02
-5.315139106211295983e-02
-5.324753178198574771e-02
-5.342933013831641098e-02
-5.317035460972163730e-02
-5.301054399538558670e-02
-5.315889073221905653e-02
-5.340815774780350439e-02
-5.325897266983210809e-02
-5.328989892003731937e-02
-5.294585247197974159e-02
-5.336145861820436320e-02
-5.357597749075761889e-02
-5.344571121906627198e-02
-5.374740859299709239e-02
-5.316854275231817917e-02
-5.329597908524744132e-02
-5.345515857530633991e-02
-5.334513408380441718e-02
-5.318554131292350939e-02
-5.322864639067875075e-02
-5.295681594243976942e-02
-5.342973514914126087e-02
-5.367007513300681848e-02
-5.357051645460216005e-02
-5.353601919201929349e-02
-5.341046733565158605e-02
-5.330175791711767863e-02
-5.361295638901223543e-02
-5.327091347509280150e-02
-5.354364312218801158e-02
-5.343697225369133108e-02
-5.352017552512762510e-02
-5.331389841778599870e-02
-5.328884219995595750e-02
-5.292113356989059519e-02
-5.314949436427005014e-02
-5.321040647857786660e-02
-5.348790124518345429e-02
-5.325544683392422624e-02
-5.361567053469892818e-02
-5.307345323541073218e-02
-5.335564887339945550e-02
-5.327467713666810684e-02
-5.305034387070103885e-02
-5.347648376780332613e-02
-5.331225716538049580e-02
-5.353233733714359011e-02
-5.385226962714088211e-02
-5.313628482800865360e-02
-5.344115473999741517e-02
-5.366406314922023135e-02
-5.338065768635253533e-02
-5.349128155581696353e-02
-5.328451778197417638e-02
-5.355550514913223759e-02
-5.336494004052982215e-02
-5.329580455245459814e-02
-5.328651498382409174e-02
-5.308209742465429953e-02
-5.355034982758714868e-02
-5.338179233813172830e-02
-5.338932146647496629e-02
-5.307029850997052600e-02
-5.320163416322240546e-02
-5.348784343654156698e-02
-5.343102224021455127e-02
-5.343472122539760782e-02
-5.368105458414318409e-02
-5.324335918706904480e-02
-5.363525621290306244e-02
-5.327819683650352606e-02
-5.359972222119880475e-02
-5.313217785000762944e-02
-5.324268726974519528e-02
-5.319152488399067624e-02
-5.348624023350750933e-02
-5.337315741074324243e-02
-5.364296083317843938e-02
-5.311176446149026842e-02
-5.346772171288845243e-02
-5.345012222747530517e-02
-5.303363179325019244e-02
-5.339423504366683226e-02
-5.343135929352069158e-02
-5.355119763712413300e-02
-5.313310011802416244e-02
-5.330638627269194962e-02
-5.310117415320231987e-02
-5.303644947414390409e-02
-5.311257376633238270e-02
-5.367333644042270036e-02
-5.331307103075885040e-02
-5.328376891556162870e-02
-5.324439650018214509e-02
-5.275149218650584254e-02
-5.320768486599097846e-02
-5.351718283288695033e-02
-5.309208900171615009e-02
-5.334019180676418531e-02
-5.330952895651513979e-02
-5.287925138255230445e-02
-5.319276358561107754e-02
-5.373978708808786059e-02
-5.323854176659918724e-02
-5.343565615752805115e-02
-5.312994920148789157e-02
-5.313057633665971974e-02
-5.291029812887444728e-02
-5.344551162379270609e-02
-5.321605238968128704e-02
-5.352134714945348815e-02
-5.289745341920581295e-02
-5.321183393643368759e-02
-5.311958754455362725e-02
-5.357006983804354222e-02
-5.352800502108742003e-02
-5.349080149989199340e-02
-5.350342018850948872e-02
-5.344371824446303432e-02
-5.312952177371082357e-02
-5.348361109915162476e-02
-5.342444376754711122e-02
-5.304064788969365535e-02
-5.363692493361617297e-02
-5.315092441516792304e-02
-5.346358405352983484e-02
-5.302186714582564353e-02
-5.340430098289177668e-02
-5.311582467459119439e-02
-5.300845097396697514e-02
-5.330935427860973574e-02
-5.328272833721715840e-02
-5.340361588316106661e-02
-5.324714922118718718e-02
-5.338826375211844222e-02
-5.322026159335540435e-02
-5.335252300092768740e-02
-5.331638796822946169e-02
-5.319137902541254403e-02
-5.345992122542044672e-02
-5.322338502787948150e-02
-5.368718851381632656e-02
-5.321880000027190416e-02
-5.299735002933333994e-02
-5.333072949117863976e-02
-5.332789410759058990e-02
-5.337721415466105401e-02
-5.339431177358468228e-02
-5.356055169824881779e-02
-5.348155343703175219e-02
-5.313374786153123724e-02
-5.350386363288923974e-02
-5.343334129729473275e-02
-5.342643199581216529e-02
-5.326901008679529176e-02
-5.329717822372596198e-02
-5.328050845545077158e-02
-5.331958729473973424e-02
-5.331706825381125892e-02
-5.327610219102748429e-02
-5.317928858446503704e-02
-5.319121155930524314e-02
-5.325502230066386788e-02
-5.334925104014848901e-02
-5.320500348421602216e-02
-5.321293566026646937e-02
-5.322179584734428037e-02
-5.339069118757300281e-02
-5.353383324733183152e-02
-5.304027892214920048e-02
-5.333713247029556181e-02
-5.346064036893405369e-02
-5.345011972586913296e-02
-5.318860928976158753e-02
-5.322552145803188806e-02
-5.349051637590117314e-02
-5.338458494829980555e-02
-5.318142256556662728e-02
-5.322166457137122303e-02
-5.340619847692154587e-02
-5.346857025208588687e-02
-5.322358912388638896e-02
-5.327247891737627722e-02
-5.327618542841929677e-02
-5.337637390615392746e-02
-5.333602015314208716e-02
-5.370763537199207960e-02
-5.367126995323359684e-02
-5.326850590460192186e-02
-5.376828809064707060e-02
-5.341335628127451968e-02
-5.331719873925083036e-02
-5.347316553956493745e-02
-5.338557299890447916e-02
-5.338512486028999804e-02
-5.293997386485710388e-02
-5.341703004300644986e-02
-5.311530119114185600e-02
-5.382786435795115093e-02
-5.368507166273176617e-02
-5.347965600790025031e-02
-5.310516473508013896e-02
-5.355465897422322097e-02
-5.324447361573749621e-02
-5.323428599337322320e-02
-5.324496893922158608e-02
-5.330411976544854186e-02
-5.336804505091865408e-02
-5.336838464205848065e-02
-5.359703321821437244e-02
-5.333170392695469469e-02
-5.312920188238962754e-02
-5.340586319162309026e-02
-5.346319955809284569e-02
-5.333211908000493745e-02
-5.302459777773160798e-02
-5.348244122153505281e-02
-5.334124371465935599e-02
-5.366912715044042104e-02
-5.354167458706247940e-02
-5.313857685056448676e-02
-5.333402832328341253e-02
-5.324607697217264429e-02
-5.350054218894987473e-02
-5.312939554044700252e-02
-5.312110017197131662e-02
-5.317724668143622435e-02
-5.317279328837243302e-02
-5.360296910699296341e-02
-5.326180209088126477e-02
-5.338573512078416405e-02
-5.375086708499401955e-02
-5.314341125501982621e-02
-5.324690128125842553e-02
-5.358035723286111440e-02
-5.340205794587148808e-02
-5.357905282684781445e-02
-5.315338565599976584e-02
-5.336560991452753838e-02
-5.292813626255302162e-02
-5.313427163696837069e-02
-5.314751958335294652e-02
-5.321759265149585139e-02
-5.316701959176124009e-02
-5.325543306265752980e-02
-5.345226814418330141e-02
-5.372991451441412603e-02
-5.376137017001667018e-02
-5.349480000022188014e-02
-5.367920893773611701e-02
-5.331980098410207813e-02
-5.352317576741560945e-02
-5.349495248781980378e-02
-5.313291116829357147e-02
-5.336299261134069133e-02
-5.323514482281732629e-02
-5.353138797394283582e-02
-5.378034432804772863e-02
-5.323699490983872795e-02
-5.342659911114745058e-02
-5.335541643681172841e-02
-5.346466203650856314e-02
-5.316281717020355374e-02
-5.341808905515261358e-02
-5.280352740328613653e-02
-5.355010721493901060e-02
-5.339367753054104909e-02
-5.351676991922693638e-02
-5.336515581471169140e-02
-5.336811679527030117e-02
-5.347942071700247796e-02
-5.345124251561136908e-02
-5.315198941513649133e-02
-5.342722560458193493e-02
-5.321933494057709546e-02
-5.350020807285295332e-02
-5.315919137477988915e-02
-5.384856916673526339e-02
-5.327968315405647026e-02
-5.310252058412028714e-02
-5.331912897396624135e-02
-5.328702197286103864e-02
-5.352401143534617906e-02
-5.361576588467335813e-02
-5.305664295256418139e-02
-5.368760336524634053e-02
-5.338803713351852887e-02
-5.323601598470829172e-02
-5.332489949783283945e-02
-5.331274914875451520e-02
-5.311004222092595428e-02
-5.336053823452214379e-02
-5.316697438459236369e-02
-5.327970915866669932e-02
-5.345532281721676604e-02
-5.333635479789942957e-02
-5.314581042794785243e-02
-5.351256882970494705e-02
-5.294890036908601189e-02
-5.323861893893631902e-02
-5.325604944554825082e-02
-5.361294499967813459e-02
-5.334147799960751307e-02
-5.345557390202642506e-02
-5.320544163219139561e-02
-5.330530461909518264e-02
-5.347638990788806251e-02
-5.310767837877451020e-02
-5.302592165528872276e-02
-5.335804252558360578e-02
-5.313442155523501881e-02
-5.367197610581449924e-02
-5.316353696619160324e-02
-5.340755711746746764e-02
-5.351075595937524604e-02
-5.357305754704280720e-02
-5.360992359735140822e-02
-5.329567066282589471e-02
-5.330748385185583166e-02
-5.326860497188257854e-02
-5.374746631748428954e-02
-5.339487920957152606e-02
-5.313006015092956724e-02
-5.351162728401949453e-02
-5.351122960931396083e-02
-5.285018689769598044e-02
-5.362172783237033336e-02
-5.327151901323026045e-02
-5.304234620604448419e-02
-5.324462205113675989e-02
-5.327945596386914756e-02
-5.340481521616591981e-02
-5.340198626042914898e-02
-5.351963562979904915e-02
-5.329559103971837769e-02
-5.344209829976483139e-02
-5.342466637346513642e-02
-5.332360034641740049e-02
-5.320187556336729989e-02
-5.313874053381571760e-02
-5.314781740752066996e-02
-5.347403350700569158e-02
-5.308660032090794373e-02
-5.331573476132822620e-02
-5.323273763228975747e-02
-5.351888473510353628e-02
-5.367617580026196045e-02
-5.322643623840648403e-02
-5.326389682614320054e-02
-5.355142578595899205e-02
-5.310146564172774086e-02
-5.315193354449225527e-02
-5.321295093513193908e-02
-5.335719530135588778e-02
-5.334261931284332153e-02
-5.332558775383053340e-02
-5.313387217524898759e-02
-5.353204620871926389e-02
-5.366841358638176768e-02
-5.352341341686204373e-02
-5.354410093468299492e-02
-5.338696114614816662e-02
-5.335527442118517122e-02
-5.357667120834729707e-02
-5.348663444197265804e-02
-5.342999924590969424e-02
-5.343627323099361254e-02
-5.336434690964407535e-02
-5.341951363071405917e-02
-5.299034885518064814e-02
-5.281052065967792308e-02
-5.339082346526914657e-02
-5.339604430268001661e-02
-5.284617738681997301e-02
-5.325717362848800263e-02
-5.305398322002773115e-02
-5.361160075168292655e-02
-5.337913856945392110e-02
-5.290624367111304571e-02
-5.333571835110182541e-02
-5.340770204520762371e-02
-5.352805349210053298e-02
-5.382174980760520006e-02
-5.312370280923656152e-02
-5.365879861358131830e-02
-5.303680782638246771e-02
-5.328237573844842728e-02
-5.344116322987284978e-02
-5.315567949323418001e-02
-5.368810543871813112e-02
-5.346422665746536351e-02
-5.328657105739523919e-02
-5.338325875739034082e-02
-5.336565650795797172e-02
-5.333980314997562727e-02
-5.338632723201072738e-02
-5.325705043561427404e-02
-5.340122168587314172e-02
-5.350545051552300230e-02
-5.370869677520315189e-02
-5.313251595869812605e-02
-5.321287061317415967e-02
-5.336590418390409901e-02
-5.347795051789184378e-02
-5.334109655844139486e-02
-5.318956415195092574e-02
-5.300435318997158418e-02
-5.345445462018148103e-02
-5.371614496549401152e-02
-5.332835853784414354e-02
-5.309175291496127241e-02
-5.330477094045337622e-02
-5.332810142952395388e-02
-5.302172496768675636e-02
-5.339838703882494181e-02
-5.345977110070245647e-02
-5.338881521765127119e-02
-5.300900437199526638e-02
-5.318922781743033040e-02
-5.331212132929571967e-02
-5.314526193304294766e-02
-5.306422400263650224e-02
-5.299351320135631954e-02
-5.333775651827642184e-02
-5.376590760257550505e-02
-5.313311601717171651e-02
-5.308516472379794238e-02
-5.340340141571652682e-02
-5.316609750486874647e-02
-5.373847786333064286e-02
-5.340048991184903615e-02
-5.315451382150568338e-02
-5.349002571626094993e-02
-5.335977120922753142e-02
-5.322358750985402981e-02
-5.386035277229596352e-02
-5.312070918810934961e-02
-5.308515562778683833e-02
-5.334910736722939945e-02
-5.303800888997486224e-02
-5.315160400644808325e-02
-5.353472324945145883e-02
-5.317421615815370178e-02
-5.344836792737542308e-02
-5.336796468324205012e-02
-5.358436368783797005e-02
-5.326201597416980321e-02
-5.329833213059514269e-02
-5.339036509406824144e-02
-5.321602294017260815e-02
-5.332514899806312103e-02
-5.336234848354163424e-02
-5.316905364993949196e-02
-5.347044101914257691e-02
-5.350106294469154922e-02
-5.359054455792176125e-02
-5.322764044896610702e-02
-5.336572459340626490e-02
-5.320878123411714594e-02
-5.354853734870020088e-02
-5.341830866464028493e-02
-5.333202177491692259e-02
-5.327536019701416270e-02
-5.339533840564709283e-02
-5.364267908603438662e-02
-5.351303852000240807e-02
-5.314000834539715779e-02
-5.327804581803682188e-02
-5.339598072224063102e-02
-5.302097952221154764e-02
-5.311071510496089693e-02
-5.324022368558478657e-02
-5.337625337578796175e-02
-5.313955558794024314e-02
-5.344041437826660412e-02
-5.345369636666191110e-02
-5.306124499286618557e-02
-5.317887540756124215e-02
-5.297226327846570049e-02
-5.331695951548963419e-02
-5.319054145940586148e-02
-5.323983902454326039e-02
-5.332640877644462263e-02
-5.332265078421240950e-02
-5.347402032755323165e-02
-5.354415878808609780e-02
-5.342170808453384351e-02
-5.307545776938547150e-02
-5.314046173008911411e-02
-5.309326900675078592e-02
-5.305885917374594807e-02
-5.314784569913729578e-02
-5.328143910164381825e-02
-5.343105887822709871e-02
-5.345255077392195575e-02
-5.357634729910334265e-02
-5.295131636033927058e-02
-5.364499689675827909e-02
-5.305576971332557484e-02
-5.328804123405499887e-02
-5.342707809728342722e-02
-5.343462446685879469e-02
-5.339850322013550699e-02
-5.367733962971973222e-02
-5.349533330792414360e-02
-5.351446540304152094e-02
-5.371285353824834657e-02
-5.329847300385933545e-02
-5.323956681991096063e-02
-5.327772416605893596e-02
-5.324208025007323708e-02
-5.338320860130192635e-02
-5.326946445836371058e-02
-5.319470527139644189e-02
-5.321890033312699081e-02
-5.346587286709159753e-02
-5.341320321069939481e-02
-5.344313556227451439e-02
-5.313862695138185654e-02
-5.354776479573378212e-02
-5.321062005623630742e-02
-5.349979078915503838e-02
-5.349092490345497969e-02
-5.347093835455173777e-02
-5.350501204137208394e-02
-5.343211439970906029e-02
-5.301678795735312311e-02
-5.333951219137390148e-02
-5.305478310302520761e-02
-5.312625877090107473e-02
-5.319457758766009403e-02
-5.334755159679305248e-02
-5.326725331945499076e-02
-5.320152722251040439e-02
-5.320584765192813009e-02
-5.323988123546277706e-02
-5.365288364551173278e-02
-5.355518251016631870e-02
-5.330899727591475318e-02
-5.370050440664476954e-02
-5.324726854574991092e-02
-5.382892861834456116e-02
-5.350508653415459587e-02
-5.332139679980531927e-02
-5.331190029697090160e-02
-5.322446153776830974e-02
-5.357839675716133399e-02
-5.325770156046124443e-02
-5.324966966329840179e-02
-5.308889942604998885e-02
-5.355740202726380628e-02
-5.353757024703818812e-02
-5.347087315984751926e-02
-5.350583785972806705e-02
-5.329582538495480915e-02
-5.335639863846385056e-02
-5.320617950552779946e-02
-5.359538206486252898e-02
-5.307117146212170927e-02
-5.319304971346961591e-02
-5.337129250340234832e-02
-5.350216776052917067e-02
-5.328547043419003260e-02
-5.331351930468837541e-02
-5.301572230317982276e-02
-5.345476920113625963e-02
-5.328222173785745336e-02
-5.317101474848689308e-02
-5.336187472161053880e-02
-5.349602798153504229e-02
-5.311715696400447911e-02
-5.337766970941772160e-02
-5.298760571911439315e-02
-5.294242975698709025e-02
-5.337584742267323379e-02
-5.323164508888429680e-02
-5.331263506201296826e-02
-5.342910942900507693e-02
-5.306955483603555818e-02
-5.339539310568511971e-02
-5.302348240370151344e-02
-5.321503947176611099e-02
-5.354882153750390589e-02
-5.356114584682235974e-02
-5.356675461844211117e-02
-5.336170255723703820e-02
-5.298504734212262229e-02
-5.334024660274106627e-02
-5.309622462357408562e-02
-5.314971045404249389e-02
-5.384355785982965908e-02
-5.311733646119273788e-02
-5.302109705255172306e-02
-5.281753236146267266e-02
-5.336836526002709108e-02
-5.312199726092041441e-02
-5.336481750374031524e-02
-5.332064130680751191e-02
-5.325753397556987762e-02
-5.323106660628888764e-02
-5.296977531922446997e-02
-5.323203802414944869e-02
-5.318728257165344919e-02
-5.322698212771675291e-02
-5.325855428807697856e-02
-5.313126328201969728e-02
-5.324772836809781029e-02
-5.294738031237051362e-02
-5.320601472839127377e-02
-5.309558157690572044e-02
-5.328779818935775597e-02
-5.287099637294599003e-02
-5.353529928205592175e-02
-5.335392844881144125e-02
-5.311426830329595700e-02
-5.344219565665114108e-02
-5.357752961976818690e-02
-5.354597614192795063e-02
-5.356126626636029814e-02
-5.301795827554748458e-02
-5.334541255466463544e-02
-5.356581957604428235e-02
-5.311116114640355990e-02
-5.313695280861562703e-02
-5.342216539208353293e-02
-5.323864456246431981e-02
-5.348560225006677993e-02
-5.335620160665251882e-02
-5.345606151540664708e-02
-5.333251525163001244e-02
-5.327738556997209385e-02
-5.324716832199717642e-02
-5.331800741774529034e-02
-5.342934870247265794e-02
-5.325161280174560419e-02
-5.354288151657177197e-02
-5.301917106764746784e-02
-5.338010372482784871e-02
-5.317703890156943308e-02
-5.350467698895610552e-02
-5.341190675820701311e-02
-5.305330405278420314e-02
-5.300291646150225022e-02
-5.299842371706976057e-02
-5.336627654133120624e-02
-5.344212384881165401e-02
-5.323470589743295456e-02
-5.306968614677193968e-02
-5.375466630125698420e-02
-5.306932090090122484e-02
-5.314523359646312894e-02
-5.300706775181138197e-02
-5.335747522301097917e-02
-5.359368357567730751e-02
-5.320390734477202510e-02
-5.321642823342517120e-02
-5.338033092473831731e-02
-5.327880127770352053e-02
-5.336566970792122611e-02
-5.334872754126608607e-02
-5.315728886115992508e-02
-5.295093239638500732e-02
-5.366659297891365754e-02
-5.326738184034747470e-02
-5.354065177237743445e-02
-5.326920488365641249e-02
-5.338756882695629147e-02
-5.329002551284336281e-02
-5.326047063361448453e-02
-5.360852086999335492e-02
-5.336186098672844602e-02
-5.294245309359250223e-02
-5.363092476344015480e-02
-5.316459450827822758e-02
-5.350325872023418972e-02
-5.316951568703946057e-02
-5.307360504266919743e-02
-5.295822976189533404e-02
-5.358053091970422371e-02
-5.341339445718682605e-02
-5.331224875442606981e-02
-5.297856485418979411e-02
-5.313408821216814709e-02
-5.357016859101963041e-02
-5.351512993520030764e-02
-5.353231694238772681e-02
-5.329896766963723720e-02
-5.327044801940392094e-02
-5.381166457670549796e-02
-5.333872314827155237e-02
-5.341484981552158118e-02
-5.305937243448501789e-02
-5.291329531343996057e-02
-5.340557628825870484e-02
-5.314127340213783274e-02
-5.333370929312110376e-02
-5.320456393562623260e-02
-5.322196297209549898e-02
-5.353107942661576579e-02
-5.333462801118277891e-02
-5.305687783889188186e-02
-5.283608436275149395e-02
-5.338601256913220322e-02
-5.294560520528997227e-02
-5.330553261624016576e-02
-5.323693454819956872e-02
-5.315777791683411191e-02
-5.322024137814014566e-02
-5.308585352708630745e-02
-5.331936298495535548e-02
-5.370448002023206491e-02
-5.369961984639524954e-02
-5.287376185785726962e-02
-5.330877551916658741e-02
-5.339711257043621567e-02
-5.324893166302391984e-02
-5.298548105917636614e-02
-5.360030798545933201e-02
-5.359288276038674803e-02
-5.312562601953019908e-02
-5.327517262691036648e-02
-5.302768847481321990e-02
-5.342413922259123260e-02
-5.367669509868087940e-02
-5.350755189934657680e-02
-5.314316713122221869e-02
-5.350634705061982355e-02
-5.312760664312022457e-02
-5.347422272086391204e-02
-5.297135433841862473e-02
-5.347666481386238735e-02
-5.322666576753099649e-02
-5.308279442630339101e-02
-5.347126181161866720e-02
-5.348713529902234670e-02
-5.313625229457174387e-02
-5.323893144375235059e-02
-5.351925225087885568e-02
-5.307817492496472861e-02
-5.306266095597524102e-02
-5.374582959377374736e-02
-5.319740822352425624e-02
-5.352662341961449133e-02
-5.364679284826372185e-02
-5.336801932046590646e-02
-5.330540976358540822e-02
-5.331760078428777333e-02
-5.340918619955022789e-02
-5.323150261388590043e-02
-5.369957870356635576e-02
-5.342153224563675473e-02
-5.318259265117993712e-02
-5.283381027992548745e-02
-5.320434972551416064e-02
-5.370599747371052751e-02
-5.319889962473451500e-02
-5.340620584868992216e-02
-5.316576203391017164e-02
-5.354536344474745274e-02
-5.332085855103890076e-02
-5.352640960567656148e-02
-5.330607987454625413e-02
-5.327288230665824798e-02
-5.310122951892943394e-02
-5.311369140098713693e-02
-5.387466941767051626e-02
-5.343206326034539294e-02
-5.383446096513201662e-02
-5.290705305288333909e-02
-5.276558814424451432e-02
-5.334707201911569746e-02
-5.331831395777380384e-02
-5.308364348627615803e-02
-5.312765976618256253e-02
-5.350816740419007261e-02
-5.351468056468108164e-02
-5.290211236653481752e-02
-5.292793282984491199e-02
-5.339796418407521950e-02
-5.349026814498736987e-02
-5.346678415113709920e-02
-5.318585753183227571e-02
-5.347016649750804818e-02
-5.361241221626560083e-02
-5.340147214736171155e-02
-5.305130370512961546e-02
-5.353825665751887203e-02
-5.324814241056689823e-02
-5.344031225937015406e-02
-5.338532315265270833e-02
-5.329216520898889115e-02
-5.389230933853639272e-02
-5.309732911614252482e-02
-5.343257249741398263e-02
-5.315910165331754617e-02
-5.328862379155906159e-02
-5.347559833613989289e-02
-5.356084309484440004e-02
-5.352981281074043612e-02
-5.309721531872366868e-02
-5.345918428653739785e-02
-5.310472672294455632e-02
-5.313502689787073102e-02
-5.275972378565331466e-02
-5.336459357162300077e-02
-5.319029124437607559e-02
-5.329309706225674598e-02
-5.340868177893454138e-02
-5.325292816095576059e-02
-5.364196428285666202e-02
-5.317726501384908294e-02
-5.355079496629430724e-02
-5.302486979199687311e-02
-5.355315804490490966e-02
-5.314738170836676850e-02
-5.357265828750431419e-02
-5.302405025611332118e-02
-5.322880072589353945e-02
-5.337481607778859355e-02
-5.305876942939406760e-02
-5.344945460523842229e-02
-5.364347425672968267e-02
-5.320681164313520450e-02
-5.332507400391231500e-02
-5.314828697959500525e-02
-5.360377648635208936e-02
-5.349204488657521156e-02
-5.335730710099208934e-02
-5.328583101881977091e-02
-5.337011219379065446e-02
-5.335145232087925432e-02
-5.334338248208435329e-02
-5.333817821875094789e-02
-5.286180960670282952e-02
-5.295941009875413524e-02
-5.328321905382513157e-02
-5.362095352899953066e-02
-5.357471002928963083e-02
-5.358794633590441975e-02
-5.340812970964380763e-02
-5.326420810932606248e-02
-5.313689309699450025e-02
-5.324735696391973139e-02
-5.351484891216746337e-02
-5.338432708732995802e-02
-5.314228207064344844e-02
-5.338828605043837577e-02
-5.301564176346060253e-02
-5.334519131698071265e-02
-5.381284699616138700e-02
-5.298552644242957715e-02
-5.333048739178963826e-02
-5.329405807546605534e-02
-5.319997574000343010e-02
-5.330205753933495161e-02
-5.364456284368616934e-02
-5.329483507701637812e-02
-5.346658663912487452e-02
-5.350926507121679665e-02
-5.339679807808982159e-02
-5.349126548242531809e-02
-5.341856023539751780e-02
-5.340560592279798569e-02
-5.339014961645546786e-02
-5.316167632998329562e-02
-5.354832402510600886e-02
-5.312317189842002269e-02
-5.303407080206913593e-02
-5.312245964946143290e-02
-5.297306842280789102e-02
-5.306091159060507406e-02
-5.331021670985441885e-02
-5.323454664610181852e-02
-5.337398229285846007e-02
-5.337020408344977929e-02
-5.325943669324308821e-02
-5.355531806043573040e-02
-5.313242462567790286e-02
-5.330882834800085290e-02
-5.345419828656903377e-02
-5.352356911247168475e-02
-5.323225706868024709e-02
-5.317915707198565822e-02
-5.385555525535085791e-02
-5.336409381416896969e-02
-5.364914673853837801e-02
-5.291766299867030343e-02
-5.286030136337756952e-02
-5.378879000691612344e-02
-5.347125317194616201e-02
-5.314067043813574392e-02
-5.343910994266699160e-02
-5.326028953465895832e-02
-5.319170238921610422e-02
-5.276549460086104454e-02
-5.347756642996023824e-02
-5.320591365161281283e-02
-5.334797087387929682e-02
-5.319348269379545191e-02
-5.360474585759360949e-02
-5.314294623351419750e-02
-5.338673337205382396e-02
-5.371939255103053146e-02
-5.323795633933259969e-02
-5.340330741518713870e-02
-5.331837061298694974e-02
-5.344354747915774917e-02
-5.331918494045618379e-02
-5.340768489874814229e-02
-5.333367011914198069e-02
-5.292407223735417360e-02
-5.337723310964377632e-02
-5.341508884378043387e-02
-5.333421316172280019e-02
-5.335218480388215917e-02
-5.349756863597216611e-02
-5.355470670620806478e-02
-5.331664211574421719e-02
-5.341915425549269986e-02
-5.347307616165584282e-02
-5.348060069034552694e-02
-5.305813561574897891e-02
-5.309421897212673186e-02
-5.352453663949529455e-02
-5.339391955768114928e-02
-5.322212428104568932e-02
-5.387288910844506562e-02
-5.358563901402618734e-02
-5.324608532026726959e-02
-5.353867252100846102e-02
-5.322356312573126025e-02
-5.289958132041438360e-02
-5.337987775267032109e-02
-5.323894943245499611e-02
-5.348949191562585997e-02
-5.326815990169918996e-02
-5.312339429431890692e-02
-5.340110566250902413e-02
-5.356197961525534929e-02
-5.335427159212078468e-02
-5.322124396186188322e-02
-5.327071843816648389e-02
-5.307776442610054324e-02
-5.333580172672361397e-02
-5.301862990620041099e-02
-5.322071379570184751e-02
-5.358081449551788805e-02
-5.329355671855256354e-02
-5.334982095144163994e-02
-5.373284472648102994e-02
-5.326112642875370506e-02
-5.343186805385423399e-02
-5.335391998789521667e-02
-5.326123799610233550e-02
-5.278525940598246396e-02
-5.345865845517186465e-02
-5.314258471268337031e-02
-5.328047381543185579e-02
-5.326806786489626105e-02
-5.314810356857398166e-02
-5.358034211948736747e-02
-5.351133998754045024e-02
-5.362965220941905836e-02
-5.372008810383414185e-02
-5.322103678786027636e-02
-5.298781333090669954e-02
-5.329105754237078996e-02
-5.322632466713936999e-02
-5.322369379078160240e-02
-5.316329772853189278e-02
-5.341129936528601907e-02
-5.328762519780364665e-02
-5.323731624248470573e-02
-5.299122184264293267e-02
-5.352521740982477821e-02
-5.325717942130287624e-02
-5.371640482371865810e-02
-5.305242389630771688e-02
-5.345084179862772539e-02
-5.322753048290922856e-02
-5.318238774952353115e-02
-5.315718270998673334e-02
-5.330136203694069152e-02
-5.319424095315906237e-02
-5.331064915885749822e-02
-5.350229545166337169e-02
-5.349694813396010939e-02
-5.327837414857331672e-02
-5.321910280707346091e-02
-5.314686172483147619e-02
-5.327632797962609384e-02
-5.325774459040939768e-02
-5.345882632690898695e-02
-5.352096070564686670e-02
-5.324496754012732896e-02
-5.360800588070167155e-02
-5.324857043906638249e-02
-5.356482816568824967e-02
-5.322042129063521421e-02
-5.354406697403744225e-02
-5.321539750555751708e-02
-5.353250606014972601e-02
-5.299391074210749869e-02
-5.315498299905935253e-02
-5.336142651039049029e-02
-5.330653785745983336e-02
-5.354127933357905739e-02
-5.330372229660854111e-02
-5.315472471757383410e-02
-5.335479004685875215e-02
-5.324938551673505382e-02
-5.329634661519286332e-02
-5.328367669587368016e-02
-5.364701354133469963e-02
-5.310866761163603178e-02
-5.348883807772795290e-02
-5.314160830250936468e-02
-5.339714294729952515e-02
-5.352765517679518997e-02
-5.339182903554597071e-02
-5.314691899922649454e-02
-5.320323392195022011e-02
-5.334800992804821645e-02
-5.333433045661867267e-02
-5.335378463800029281e-02
-5.330447299411825157e-02
-5.319073513328179126e-02
-5.347017742445311916e-02
-5.336161989144944801e-02
-5.353557339981750152e-02
-5.326742337675650918e-02
-5.321938206709385388e-02
-5.310009901639312774e-02
-5.347950252973550367e-02
-5.340265093533085733e-02
-5.315017786546596262e-02
-5.326667733621037043e-02
-5.330916983140648879e-02
-5.324242198753876415e-02
-5.315548550588786864e-02
-5.382341358849614121e-02
-5.335203212769001890e-02
-5.306678475256161598e-02
-5.379167437753766545e-02
-5.335436020902122739e-02
-5.315254983729944538e-02
-5.309724923931134072e-02
-5.306903684217161715e-02
-5.331541807840439740e-02
-5.314721110894615047e-02
-5.350524539094756588e-02
-5.329853069904192525e-02
-5.353746139874459437e-02
-5.315882048079173527e-02
-5.296943744584176744e-02
-5.326214098253728713e-02
-5.336517852292085168e-02
-5.339637197238256139e-02
-5.351770858350984872e-02
-5.361154329737101432e-02
-5.295088525646995253e-02
-5.322168503498290321e-02
-5.328801923249308625e-02
-5.359784044429621863e-02
-5.366407677596366638e-02
-5.309042186959683080e-02
-5.315733484543964243e-02
-5.348990210263653011e-02
-5.360169333891384030e-02
-5.365026996604813775e-02
-5.328591659097219047e-02
-5.345998075312677345e-02
-5.371407094112985725e-02
-5.340408931321008468e-02
-5.350366031161183505e-02
-5.344295275673949241e-02
-5.325161248825082544e-02
-5.351889534388867831e-02
-5.327865353681235372e-02
-5.366688675729821417e-02
-5.366732646324839928e-02
-5.348042852750278797e-02
-5.345967374009134854e-02
-5.313745800293107752e-02
-5.335493499225464620e-02
-5.317901612823289909e-02
-5.350206852758600945e-02
-5.323918684735847590e-02
-5.298954953711502991e-02
-5.341367757114801745e-02
-5.326109211659274534e-02
-5.323247264087740266e-02
-5.339073986059244409e-02
-5.310449868265466888e-02
-5.360103407512159523e-02
-5.324769347985611884e-02
-5.313091090376891035e-02
-5.339540196784548637e-02
-5.368863833651005280e-02
-5.326389000046129196e-02
-5.352630499447885715e-02
-5.303928592440771556e-02
-5.316635499765799688e-02
-5.292049549651805379e-02
-5.356249314369635611e-02
-5.325637992725659742e-02
-5.328198494191137974e-02
-5.324237701511023990e-02
-5.329736062813036912e-02
-5.328377745749995897e-02
-5.352145614919541494e-02
-5.300798537143120576e-02
-5.299225588721633018e-02
-5.320466633772177878e-02
-5.288720724867676526e-02
-5.317389318172612012e-02
-5.311230082742603165e-02
-5.357787345397364842e-02
-5.321305376820872901e-02
-5.300732065577871271e-02
-5.367193139637736060e-02
-5.331305419654753380e-02
-5.323911214409589310e-02
-5.328481642087091325e-02
-5.323511942140449205e-02
-5.337057063643347449e-02
-5.355063579375319432e-02
-5.350235724571063972e-02
-5.353183094974450079e-02
-5.319539367748491593e-02
-5.346840421621055356e-02
-5.321723087730827889e-02
-5.339380867941646847e-02
-5.314260460460835250e-02
-5.327539013385564071e-02
-5.324556124200596763e-02
-5.310223035642586131e-02
-5.298593362996172063e-02
-5.300393407367283427e-02
-5.321532531098455837e-02
-5.341173809012712825e-02
-5.297113302605666735e-02
-5.314025552515614509e-02
-5.353303479232531664e-02
-5.284637035296569502e-02
-5.337478357110363864e-02
-5.332927964259957798e-02
-5.316879623603698590e-02
-5.331470208154329149e-02
-5.337806199729895618e-02
-5.338685646201991875e-02
-5.296229282225009549e-02
-5.330860755032976878e-02
-5.317216623834069428e-02
-5.323300842141188982e-02
-5.298253780847422822e-02
-5.348590184478770743e-02
-5.300458403228286430e-02
-5.348477491910837156e-02
-5.331604451035687475e-02
-5.322190481455808808e-02
-5.322921630349092964e-02
-5.304166525340758831e-02
-5.320110252531246031e-02
-5.349372306835286500e-02
-5.345532340636603014e-02
-5.337529717865542589e-02
-5.337324797553825995e-02
-5.360426278178989645e-02
-5.320831929115246717e-02
-5.315140422907996265e-02
-5.362633484958128499e-02
-5.342210449056011834e-02
-5.358939399050800106e-02
-5.307680988262500343e-02
-5.357109245677233594e-02
-5.299858702285684814e-02
-5.325238066751548233e-02
-5.340335280937272971e-02
-5.336406573245090768e-02
-5.387243712995818529e-02
-5.330641290835664431e-02
-5.319889494401813107e-02
-5.328160178442861022e-02
-5.288311832389281514e-02
-5.324807470825832639e-02
-5.339783165294726547e-02
-5.361944857173575607e-02
-5.301720299068157782e-02
-5.341511172114336153e-02
-5.367247310712245506e-02
-5.325150478917958785e-02
-5.317489513204664425e-02
-5.337505583514011442e-02
-5.330728403352671257e-02
-5.294131135846590758e-02
-5.324717955461166774e-02
-5.347499728045104761e-02
-5.336986513678349670e-02
-5.364432774610315702e-02
-5.318920384394935919e-02
-5.364203944786394979e-02
-5.330233752602529101e-02
-5.335118939934499482e-02
-5.339483952012712836e-02
-5.349599667769994876e-02
-5.321318361047356477e-02
-5.304883937989472026e-02
-5.360955212373143958e-02
-5.345502863618328826e-02
-5.375974897142883624e-02
-5.343740786339790105e-02
-5.344711977104377176e-02
-5.317732172603078372e-02
-5.335366823622066795e-02
-5.304601214387060643e-02
-5.379726469344318224e-02
-5.343767157891785718e-02
-5.330731393906463361e-02
-5.330116743946873570e-02
-5.329038167328038061e-02
-5.299050758282461415e-02
-5.366742762351051771e-02
-5.326788389695204240e-02
-5.359936205340641580e-02
-5.390003027659993201e-02
-5.345072195821936462e-02
-5.349977477588775676e-02
-5.350242231294617679e-02
-5.363686354446386972e-02
-5.335508908809090400e-02
-5.317265016702724806e-02
-5.309373186823520413e-02
-5.364316507848513466e-02
-5.330670438547224083e-02
-5.339190878234898602e-02
-5.352970427712545887e-02
-5.332135475799857499e-02
-5.344987552121697322e-02
-5.327060591143398943e-02
-5.355233269410879932e-02
-5.335805497621236987e-02
-5.335401639435666254e-02
-5.342287352701201308e-02
-5.337342837889501312e-02
-5.313423867769014042e-02
-5.344979961400807972e-02
-5.307863923011689467e-02
-5.325710530132851672e-02
-5.337210342825542131e-02
-5.383668205458085054e-02
-5.344364551199821955e-02
-5.319678562223911084e-02
-5.338641207717868820e-02
-5.328598966515481899e-02
-5.334601676498205297e-02
-5.334726035863877197e-02
-5.342643571321522428e-02
-5.325811661894875454e-02
-5.344899364546504272e-02
-5.370647140325073010e-02
-5.326537546227928105e-02
-5.362673994181129528e-02
-5.306523133379375395e-02
-5.314630866789309821e-02
-5.334290187213367590e-02
-5.336223957185353556e-02
-5.349686238483505885e-02
-5.343963754068072058e-02
-5.303399882846988878e-02
-5.339989407223220269e-02
-5.338493441053721728e-02
-5.325487010803747062e-02
-5.318010977630664021e-02
-5.355334166680336683e-02
-5.335459140626604146e-02
-5.315412619167142472e-02
-5.347670651901888922e-02
-5.327661840028223572e-02
-5.310856858214815790e-02
-5.338309122259490141e-02
-5.334321128990134747e-02
-5.320365860035806971e-02
-5.334781800847656491e-02
-5.353480361545352728e-02
-5.330123360584754222e-02
-5.339891161964938765e-02
-5.289946276177352746e-02
