-1.070983324896789268e+00
-1.071086163763000920e+00
-1.070752911791899686e+00
-1.071224852741053502e+00
-1.070962734469202982e+00
-1.071198486365972258e+00
-1.071157643378252367e+00
-1.070866325151225595e+00
-1.071033300942790145e+00
-1.071204164585255469e+00
-1.071194720116852350e+00
-1.070874937008750249e+00
-1.071172075302402993e+00
-1.071273474359082822e+00
-1.070935445073487147e+00
-1.070856290658228627e+00
-1.070559701130792796e+00
-1.071070432099895831e+00
-1.070874760098908363e+00
-1.071013158222526407e+00
-1.071281589138355583e+00
-1.071120692802595364e+00
-1.070722496555662984e+00
-1.071079367738996257e+00
-1.071072609667667708e+00
-1.071119860033672877e+00
-1.070907539058575830e+00
-1.071297844275249433e+00
-1.070919905345769196e+00
-1.071247656763748557e+00
-1.070841107433298856e+00
-1.071030286051626534e+00
-1.070959279583430845e+00
-1.071231366625108095e+00
-1.070978023725488448e+00
-1.071307791403387277e+00
-1.071226338810929768e+00
-1.070939275152501535e+00
-1.071020224739456905e+00
-1.071486627837656247e+00
-1.071061604326866812e+00
-1.070521780217525087e+00
-1.070823565419203316e+00
-1.071567345616551759e+00
-1.070685420808692223e+00
-1.071313964847857347e+00
-1.071300923646579362e+00
-1.071221822965891635e+00
-1.071104391469870798e+00
-1.070850546920164570e+00
-1.071005296318095823e+00
-1.070813627375813315e+00
-1.070668000279898946e+00
-1.071020674924447746e+00
-1.071062545311619596e+00
-1.070824697714980456e+00
-1.070968617905158071e+00
-1.070791070792708410e+00
-1.071033818391696979e+00
-1.071267551371690496e+00
-1.070457939952388138e+00
-1.071464267986732777e+00
-1.070910711414345240e+00
-1.071397549166552388e+00
-1.071355862948641269e+00
-1.071175058362376697e+00
-1.071196579112970282e+00
-1.071258171070725185e+00
-1.071308450758241104e+00
-1.071440847807832109e+00
-1.071253267357683114e+00
-1.070783260346334309e+00
-1.070873145710594665e+00
-1.071322933114354115e+00
-1.071038447981682129e+00
-1.071292922223954225e+00
-1.070789795200488781e+00
-1.070990731672174068e+00
-1.071040801544318022e+00
-1.070970496534776384e+00
-1.071106074106672246e+00
-1.070554381878468408e+00
-1.071169692090678138e+00
-1.070926023804337213e+00
-1.070584088570266212e+00
-1.071434554841051101e+00
-1.071442700779206003e+00
-1.071208772759588257e+00
-1.071125964712268175e+00
-1.071323718225931421e+00
-1.070738773054960680e+00
-1.071051256634873994e+00
-1.071453388681822494e+00
-1.071188370074800167e+00
-1.070954387223608473e+00
-1.071527632287337717e+00
-1.071123193923298134e+00
-1.070928817473877803e+00
-1.070847871852435462e+00
-1.071077700099493324e+00
-1.070972323005858762e+00
-1.071046598707981135e+00
-1.070994008392827990e+00
-1.071130583650183432e+00
-1.070727858547771749e+00
-1.070988154684283877e+00
-1.071389201208895026e+00
-1.070838792714581933e+00
-1.070823400889899135e+00
-1.070679930962125326e+00
-1.070757220955575351e+00
-1.071177390031836429e+00
-1.071129779177594665e+00
-1.071467185743830708e+00
-1.071263839773967774e+00
-1.070999297680441220e+00
-1.071058958842926012e+00
-1.071400947284828264e+00
-1.070867193646633631e+00
-1.070821673326718182e+00
-1.070969470385773725e+00
-1.071043863873496038e+00
-1.070725162801195784e+00
-1.070974515376641234e+00
-1.070802341622879794e+00
-1.070899750255956295e+00
-1.070979033633004951e+00
-1.071074289748978225e+00
-1.070561796220227402e+00
-1.071149918186858008e+00
-1.071037830075079356e+00
-1.070994010959493092e+00
-1.071364257803255393e+00
-1.071460326026428378e+00
-1.070975818001311142e+00
-1.071399346015263765e+00
-1.071082410920642491e+00
-1.070761803524622247e+00
-1.070999592048360372e+00
-1.070959834729332094e+00
-1.071124497711807289e+00
-1.071235228710853304e+00
-1.071135056087332060e+00
-1.071313585839193561e+00
-1.071281068561298788e+00
-1.071174616398564483e+00
-1.071113489047190948e+00
-1.071103136837598724e+00
-1.071046786987655652e+00
-1.071177776579529395e+00
-1.071244193463320116e+00
-1.071046009896174711e+00
-1.071070282031100662e+00
-1.071125663704148412e+00
-1.071663470816186070e+00
-1.070389623248669153e+00
-1.071268692191762906e+00
-1.070866682627919397e+00
-1.071362656667665059e+00
-1.071035022907376844e+00
-1.070496856833033306e+00
-1.071165077402514987e+00
-1.070678103409853144e+00
-1.071653568476872653e+00
-1.071438201906584453e+00
-1.071066633989337324e+00
-1.071478734523902299e+00
-1.070697143975762433e+00
-1.071296358944576532e+00
-1.071073806812872675e+00
-1.070944569048558614e+00
-1.070939507282084646e+00
-1.070832288518189124e+00
-1.071345575930641614e+00
-1.071063089054416828e+00
-1.071193908552742879e+00
-1.070942537606869305e+00
-1.071115974979740981e+00
-1.070505275749821683e+00
-1.070998559325553989e+00
-1.071379714192139954e+00
-1.070501717262848596e+00
-1.071041592719652602e+00
-1.070920390241305364e+00
-1.071101424234195187e+00
-1.070987303746059993e+00
-1.070963063019435113e+00
-1.071200734675386679e+00
-1.071007726709076735e+00
-1.070952274364636470e+00
-1.071183004939738170e+00
-1.071529894774130964e+00
-1.070702466149512588e+00
-1.071143168180889171e+00
-1.071087401031687092e+00
-1.070864383978957335e+00
-1.071382408585765056e+00
-1.070925538075307326e+00
-1.071151298719890343e+00
-1.070959122366379024e+00
-1.070986889966001554e+00
-1.071071040014066833e+00
-1.071023121589251392e+00
-1.071154349844648079e+00
-1.071181259503271921e+00
-1.070727279853298519e+00
-1.070922665068636759e+00
-1.071346361370759670e+00
-1.071173220291921302e+00
-1.071441883331091249e+00
-1.071318345991262078e+00
-1.070820344319312500e+00
-1.071504402134595635e+00
-1.071005343743521410e+00
-1.071077864898527299e+00
-1.071334471042767911e+00
-1.070847667038899553e+00
-1.070547484948440209e+00
-1.070847901921228251e+00
-1.070817609570217321e+00
-1.071229615515419287e+00
-1.070747993563578415e+00
-1.071161596270695071e+00
-1.071506153814518303e+00
-1.071246193470005492e+00
-1.071233669951193512e+00
-1.070872469890303602e+00
-1.071238594979667891e+00
-1.071218425383023698e+00
-1.071113196665881340e+00
-1.071020044206822286e+00
-1.071136978379482185e+00
-1.071086171426549827e+00
-1.071044786331000420e+00
-1.071269905185419979e+00
-1.071245325925108682e+00
-1.071352503546014745e+00
-1.070876387826686260e+00
-1.071116879296642121e+00
-1.070679411652863733e+00
-1.070890400697295242e+00
-1.070367993703666976e+00
-1.071229706724118991e+00
-1.070780841362217295e+00
-1.071064457771237377e+00
-1.070826477366524809e+00
-1.071190044276268960e+00
-1.071707176828998076e+00
-1.071177957035707173e+00
-1.071328864407274040e+00
-1.071170856820240047e+00
-1.071105807088744699e+00
-1.071205668720031756e+00
-1.070881814923872355e+00
-1.070813586661612860e+00
-1.070928964289440621e+00
-1.071439915613919824e+00
-1.070928645807820656e+00
-1.070915458634356776e+00
-1.071398013159460261e+00
-1.071160657988632803e+00
-1.071108352818163745e+00
-1.071010238792847735e+00
-1.070816073093081577e+00
-1.071389099615760232e+00
-1.070946389102594321e+00
-1.071185776233902986e+00
-1.071376771303441888e+00
-1.071566792055892892e+00
-1.070950483408987797e+00
-1.070806301260801341e+00
-1.071588186004206245e+00
-1.071338114805701069e+00
-1.071046461161172525e+00
-1.070853972857022773e+00
-1.071387856582272313e+00
-1.070828552657113963e+00
-1.070382855450657589e+00
-1.070889946130893611e+00
-1.071121869775953916e+00
-1.071055762125368016e+00
-1.071267770489993998e+00
-1.071470652444036942e+00
-1.071091667620263754e+00
-1.071036789809864720e+00
-1.070984805334029399e+00
-1.071102387301501979e+00
-1.071272623563991555e+00
-1.071031273090107039e+00
-1.071144522420663936e+00
-1.071176985926704628e+00
-1.070605605379655989e+00
-1.070534122890364204e+00
-1.071158693065860534e+00
-1.070919499326996149e+00
-1.071127560990640548e+00
-1.071029102567153890e+00
-1.070836166823568192e+00
-1.070450437260503707e+00
-1.071131622263658434e+00
-1.071243444348835672e+00
-1.071152646965024324e+00
-1.071287149267123651e+00
-1.070880798497654718e+00
-1.071300370102930000e+00
-1.070744570903673587e+00
-1.071248242257635930e+00
-1.071155223704988169e+00
-1.071270207006330022e+00
-1.071592777536197971e+00
-1.071244543136087302e+00
-1.070855368751763903e+00
-1.071016537907332200e+00
-1.071447697375022656e+00
-1.070524448404155837e+00
-1.071147968388410421e+00
-1.071273906573872114e+00
-1.071178193429241476e+00
-1.071155823964644815e+00
-1.071192531897152689e+00
-1.071007232956743049e+00
-1.070871980372830379e+00
-1.070931840811572888e+00
-1.071149680598376008e+00
-1.071176295912674270e+00
-1.072042373455480702e+00
-1.070834024107913507e+00
-1.071058880198648700e+00
-1.070961072410450354e+00
-1.070911165911677232e+00
-1.071145101675238909e+00
-1.071010225617149869e+00
-1.071442795101369194e+00
-1.071050465986105094e+00
-1.070948131496237021e+00
-1.071213538545483068e+00
-1.071275060783481115e+00
-1.071187151239157309e+00
-1.071314768068493128e+00
-1.071020204666025988e+00
-1.071374167244923514e+00
-1.071374511067320734e+00
-1.070873431613393434e+00
-1.071110461192060548e+00
-1.071374816611632808e+00
-1.071222004393459271e+00
-1.071163807693933157e+00
-1.071659461694959736e+00
-1.071122194429261043e+00
-1.071025657612170834e+00
-1.070826944466954478e+00
-1.071344233358946685e+00
-1.071214927894825530e+00
-1.070846388906347979e+00
-1.070956177318871161e+00
-1.070853858004002124e+00
-1.071257598971427916e+00
-1.070912562198188533e+00
-1.071119746182326971e+00
-1.070794653393761120e+00
-1.071179886938312897e+00
-1.071010478329087245e+00
-1.070600731853895482e+00
-1.071093427469758774e+00
-1.070976822863998645e+00
-1.070531528336005955e+00
-1.071101618993920868e+00
-1.071254407361151184e+00
-1.070896187447105463e+00
-1.071075597068178897e+00
-1.071535336193174981e+00
-1.071182774831452189e+00
-1.070874651921610132e+00
-1.071101578478242722e+00
-1.071561506381579987e+00
-1.070866458283519451e+00
-1.071607847491893306e+00
-1.071096756829997387e+00
-1.070925724023474190e+00
-1.071301388884744688e+00
-1.071291275126076581e+00
-1.071453332520072577e+00
-1.070849767140234832e+00
-1.071107260745844059e+00
-1.071403520407051557e+00
-1.070665733866411617e+00
-1.070873770386435053e+00
-1.071257535721409804e+00
-1.071139399316978214e+00
-1.070862070653021192e+00
-1.071045077597222228e+00
-1.071116202896040370e+00
-1.071227589601542407e+00
-1.070925540260086128e+00
-1.070925197314045452e+00
-1.071264478728941372e+00
-1.071620782857334531e+00
-1.071143825338981337e+00
-1.071646153518595712e+00
-1.071179522183060229e+00
-1.071351340098363192e+00
-1.070900098066021267e+00
-1.070626823645776549e+00
-1.071020544057472046e+00
-1.070913409400199745e+00
-1.071433230069934295e+00
-1.071269842176148845e+00
-1.070844038249254560e+00
-1.070775740542224463e+00
-1.070961049139911303e+00
-1.070811886718992190e+00
-1.070927940367521369e+00
-1.070815511217587002e+00
-1.071518871862396916e+00
-1.071161334168776458e+00
-1.071261060843444968e+00
-1.070973594644476945e+00
-1.071056479688655694e+00
-1.071090820492156093e+00
-1.070966768913989897e+00
-1.071512142712746973e+00
-1.071103936273273272e+00
-1.071034763258744471e+00
-1.071464608283629660e+00
-1.070816903313992707e+00
-1.070679751342458852e+00
-1.071346593521571577e+00
-1.070835639607116585e+00
-1.070763912082146163e+00
-1.071219563467699309e+00
-1.070796170632575040e+00
-1.071334531754691399e+00
-1.070781718881041567e+00
-1.071520819901325972e+00
-1.071264238967012838e+00
-1.071369989315055671e+00
-1.071079043674914244e+00
-1.071590919013945875e+00
-1.070518545600152027e+00
-1.070932552093859735e+00
-1.070488662882321806e+00
-1.070849324738228248e+00
-1.070877210474058039e+00
-1.071454100150657007e+00
-1.071210305700513565e+00
-1.071430315744159589e+00
-1.070596423399243546e+00
-1.070902000709325730e+00
-1.071025039689705860e+00
-1.071296612346067434e+00
-1.070910837081394007e+00
-1.071420014819340683e+00
-1.071215138826913771e+00
-1.071154999107199579e+00
-1.071631514418041720e+00
-1.071281769282150798e+00
-1.071180118401352965e+00
-1.071391886250682601e+00
-1.071431340239488827e+00
-1.070934456825285874e+00
-1.070851132359682989e+00
-1.070865182367743751e+00
-1.070999668557526263e+00
-1.070657780148743798e+00
-1.071108084773140900e+00
-1.071279933915259441e+00
-1.071223770190664837e+00
-1.071217153032784530e+00
-1.071193094927329170e+00
-1.070808294746715683e+00
-1.071135041136105359e+00
-1.071187722672356513e+00
-1.071324633360021705e+00
-1.071106277450159849e+00
-1.071509902388165125e+00
-1.070532390751792073e+00
-1.071196712844124432e+00
-1.070932176147623593e+00
-1.071192074840334074e+00
-1.071035596987820915e+00
-1.070548530661352693e+00
-1.071384070381338649e+00
-1.071453729944138455e+00
-1.070846390058766362e+00
-1.071109626380736923e+00
-1.071059355824204085e+00
-1.071120186140221975e+00
-1.071008070587572858e+00
-1.071210089084924988e+00
-1.070745141461001859e+00
-1.071384350522264883e+00
-1.071050591302465271e+00
-1.071205748436022898e+00
-1.071181355317014638e+00
-1.071439330403905599e+00
-1.071061632150516862e+00
-1.071182973979476039e+00
-1.071123218342243888e+00
-1.070956750960122328e+00
-1.071166671106275281e+00
-1.071269995463009606e+00
-1.071246574572296772e+00
-1.070870644917590653e+00
-1.071145452272404208e+00
-1.071221072522730688e+00
-1.070852772159049060e+00
-1.070747859480319253e+00
-1.071468354338023010e+00
-1.071228884658919744e+00
-1.070917308792330491e+00
-1.071050995361514380e+00
-1.071465380474859508e+00
-1.071149229612502252e+00
-1.071354118596143490e+00
-1.071111122147980321e+00
-1.071124745132867373e+00
-1.071277998924131003e+00
-1.070653849852104100e+00
-1.071036098584343010e+00
-1.070918833351604649e+00
-1.070686344135207690e+00
-1.071069534378612964e+00
-1.070635226192638401e+00
-1.071501898131550945e+00
-1.070948073651937671e+00
-1.070697534431555464e+00
-1.071149393073826062e+00
-1.071498713798790359e+00
-1.071237441210443064e+00
-1.071254566570026157e+00
-1.071341011056345494e+00
-1.071139530499942039e+00
-1.070974393507808209e+00
-1.071428719270753449e+00
-1.070637020950743867e+00
-1.071348610898266829e+00
-1.071067542670037120e+00
-1.071194402759182207e+00
-1.071001861804883770e+00
-1.071342856371735097e+00
-1.071220647751273347e+00
-1.071065469862342745e+00
-1.070959827061798597e+00
-1.070648951625588152e+00
-1.071315129057764493e+00
-1.071098415065893983e+00
-1.071432971188635008e+00
-1.070974085018449040e+00
-1.070964480564040588e+00
-1.071592426387176111e+00
-1.071240000454889429e+00
-1.070779163404912415e+00
-1.070860445690070772e+00
-1.071183997369997698e+00
-1.071423784054478467e+00
-1.071308552065517006e+00
-1.071092379935063787e+00
-1.071182278460968362e+00
-1.070756215050494564e+00
-1.071140675320956914e+00
-1.070823031282749582e+00
-1.071236193560533900e+00
-1.071037491287476495e+00
-1.071693236756373180e+00
-1.071132212977935261e+00
-1.070758956422302788e+00
-1.071185433124637543e+00
-1.070939314703561518e+00
-1.071457786042481208e+00
-1.071135477570041905e+00
-1.070958455436910040e+00
-1.070817756585973335e+00
-1.070962255247953188e+00
-1.070970427616883214e+00
-1.071028636030075365e+00
-1.070755988683886883e+00
-1.070759983545706895e+00
-1.071205196769834167e+00
-1.071127058628118300e+00
-1.071318369418643446e+00
-1.071273985442908749e+00
-1.070956693412658645e+00
-1.071320562809641164e+00
-1.070915806434056927e+00
-1.071037845144177325e+00
-1.071067517393791579e+00
-1.071020357697089809e+00
-1.071255458429650753e+00
-1.070933907971438170e+00
-1.070996083977361568e+00
-1.071115130341566246e+00
-1.070945521260473488e+00
-1.071028953991393307e+00
-1.071167592381714773e+00
-1.071094997908193847e+00
-1.071136034101312307e+00
-1.070859251791997702e+00
-1.071122625813002660e+00
-1.070831255514105074e+00
-1.071235986474636137e+00
-1.071405509107262954e+00
-1.071125159079528766e+00
-1.071493234580081610e+00
-1.071454967889608811e+00
-1.071225535170496901e+00
-1.071631646428022666e+00
-1.071080388848751896e+00
-1.071124618514929683e+00
-1.070997272939176348e+00
-1.071127017934821124e+00
-1.071139760142103770e+00
-1.071142638815099080e+00
-1.070703976241244693e+00
-1.070702802064491976e+00
-1.071031771843339975e+00
-1.071049685868621371e+00
-1.070887207906345395e+00
-1.070951791966761268e+00
-1.071560896949374397e+00
-1.070821773774992103e+00
-1.071413576280414004e+00
-1.071269988194117007e+00
-1.071289475056863338e+00
-1.071098542614324689e+00
-1.071373103490923961e+00
-1.070907258224923719e+00
-1.070973976112326698e+00
-1.070955282989375812e+00
-1.070996084041726304e+00
-1.070951882551181455e+00
-1.070802656257656249e+00
-1.071054906826208297e+00
-1.070780155062852179e+00
-1.070989642603575209e+00
-1.070862671608278971e+00
-1.071111729316170713e+00
-1.071031336885772678e+00
-1.071394207291270551e+00
-1.070960710158091356e+00
-1.071063552530141294e+00
-1.071427894726899144e+00
-1.071237420063259060e+00
-1.071464921069611886e+00
-1.071155017113714081e+00
-1.071185978505777125e+00
-1.071249126520664952e+00
-1.070993222207938134e+00
-1.071173274391389763e+00
-1.070924898264545400e+00
-1.070780715898760338e+00
-1.070917500809856593e+00
-1.070565006898546168e+00
-1.070945917464406483e+00
-1.071509697476554335e+00
-1.071254102013296405e+00
-1.071257114170996116e+00
-1.070933541757538521e+00
-1.071321791345895669e+00
-1.071020659682469178e+00
-1.070726720808553134e+00
-1.071309062610644736e+00
-1.070992727828805613e+00
-1.071309200750960589e+00
-1.070628028560052458e+00
-1.070837801297269687e+00
-1.071075817016163390e+00
-1.071406511419181973e+00
-1.070692131133557767e+00
-1.071700963405615159e+00
-1.071077449102516788e+00
-1.071211152071781969e+00
-1.071304985663185327e+00
-1.071104822229873799e+00
-1.071257720038794048e+00
-1.070638155995317087e+00
-1.071152869641493588e+00
-1.070971985979909613e+00
-1.070933375815630084e+00
-1.071226320790475972e+00
-1.071085924146017110e+00
-1.070788219374802397e+00
-1.071468595521356315e+00
-1.070846336435873791e+00
-1.071249689768649427e+00
-1.071168362774140848e+00
-1.071147202916270524e+00
-1.071714187628582504e+00
-1.071083739564441917e+00
-1.071113966583707056e+00
-1.070944958676395720e+00
-1.071259248228360494e+00
-1.071584141327040607e+00
-1.070884952649223898e+00
-1.070987571810955830e+00
-1.071157500660597561e+00
-1.071578640862016041e+00
-1.071337826966464846e+00
-1.071098221124871408e+00
-1.070657055849145944e+00
-1.070821797675235887e+00
-1.071199603799333433e+00
-1.071567885061415648e+00
-1.071015687208657807e+00
-1.071160517179718497e+00
-1.070781207275117497e+00
-1.071212049023033019e+00
-1.070992455043442426e+00
-1.071486275298715318e+00
-1.071209177732149298e+00
-1.071349146168651956e+00
-1.071233137463483809e+00
-1.070872691806810550e+00
-1.071655460443062369e+00
-1.071514596289947940e+00
-1.070912762006721364e+00
-1.071651707803591203e+00
-1.071084393246689803e+00
-1.070901286434464472e+00
-1.071126105105570270e+00
-1.070599052489011882e+00
-1.071311156914183993e+00
-1.071389752674724472e+00
-1.071121326513154282e+00
-1.071235199148116601e+00
-1.071301559414283622e+00
-1.070800623726550160e+00
-1.071008321919375117e+00
-1.071113376578768372e+00
-1.071207172776626582e+00
-1.070916169423138387e+00
-1.071201386970932035e+00
-1.071338074001462859e+00
-1.071097350836277773e+00
-1.070969132430734883e+00
-1.071591916894532259e+00
-1.071033861134481624e+00
-1.070841154497590653e+00
-1.071639480000124767e+00
-1.071286174574923367e+00
-1.070827850578037976e+00
-1.071273555948803802e+00
-1.071470301828101768e+00
-1.071286562094202699e+00
-1.071166903529819914e+00
-1.071227197384206020e+00
-1.070511067527415872e+00
-1.071204212573342085e+00
-1.071256891764990504e+00
-1.071389820944634641e+00
-1.071381026352377530e+00
-1.071639882032133784e+00
-1.071101963300999937e+00
-1.070998033924897896e+00
-1.070707870103473125e+00
-1.070815835292992402e+00
-1.071419860340280472e+00
-1.070619273310736697e+00
-1.071090148880789128e+00
-1.071124417104058368e+00
-1.071395201092523619e+00
-1.071055848263945842e+00
-1.071343343028972939e+00
-1.071378281155458412e+00
-1.071230042870622956e+00
-1.071570522227738742e+00
-1.071413801637979279e+00
-1.071086319481556748e+00
-1.070974028879754014e+00
-1.071250093375462509e+00
-1.071266783949924806e+00
-1.071538438461642428e+00
-1.070639663821989940e+00
-1.070969558956694989e+00
-1.071372073277542025e+00
-1.071310354952081267e+00
-1.071126774131718085e+00
-1.071245236855308480e+00
-1.071501976631618058e+00
-1.071214643383518128e+00
-1.071017909970161552e+00
-1.071216384780754760e+00
-1.070980865129910420e+00
-1.070926709414151690e+00
-1.071007865843999873e+00
-1.071111818681638850e+00
-1.070911080805073023e+00
-1.070772820642299283e+00
-1.070967906125223079e+00
-1.071078008583208119e+00
-1.071395589648643121e+00
-1.070982630675300751e+00
-1.071249718898839909e+00
-1.070752209475629435e+00
-1.071128799207184290e+00
-1.071181907095940744e+00
-1.071644410596071184e+00
-1.071063752138246894e+00
-1.070693362345312094e+00
-1.071451090939721684e+00
-1.071222466727664413e+00
-1.071468184397308177e+00
-1.071367302161528867e+00
-1.070965568267646439e+00
-1.071209008384962136e+00
-1.071162214646742328e+00
-1.071095809734850191e+00
-1.071207250159970092e+00
-1.070836325506882014e+00
-1.070878431134474562e+00
-1.071228255697471266e+00
-1.070958774143435432e+00
-1.070635179336061338e+00
-1.070891607531222922e+00
-1.070943266310565134e+00
-1.071394913106735292e+00
-1.071062346003812449e+00
-1.071679843304818025e+00
-1.071380114564528085e+00
-1.070747686374429852e+00
-1.070927210932694607e+00
-1.071202441182314224e+00
-1.070860337619641278e+00
-1.071140115164921136e+00
-1.071279215297551879e+00
-1.070918375314900084e+00
-1.071049500674957411e+00
-1.071034767124002807e+00
-1.070996929389787189e+00
-1.071217602065265950e+00
-1.071150560181387545e+00
-1.071898232570567489e+00
-1.071087823224017521e+00
-1.070614523381323346e+00
-1.071097178979099729e+00
-1.070790904215442652e+00
-1.071309141598222769e+00
-1.071162537644969603e+00
-1.071290911008511371e+00
-1.071135789687278850e+00
-1.071176054706507008e+00
-1.070240474931204222e+00
-1.070712170439904076e+00
-1.071104177640207933e+00
-1.071423364473318873e+00
-1.071124267656152540e+00
-1.071011248127210047e+00
-1.071046290311687743e+00
-1.071270335075805269e+00
-1.071108507341640870e+00
-1.071089544017218120e+00
-1.070394858638551661e+00
-1.071291218747932650e+00
-1.071247059808498436e+00
-1.071002492582734833e+00
-1.071382708832021358e+00
-1.071053653737253919e+00
-1.070773133487918471e+00
-1.071211780356029708e+00
-1.070891819633720043e+00
-1.071230583009806558e+00
-1.071228906398898451e+00
-1.070718465789557428e+00
-1.071279900398872220e+00
-1.071290363913684818e+00
-1.071657237971409105e+00
-1.070861601157868659e+00
-1.070741788227324687e+00
-1.071027550944951168e+00
-1.070658135146933310e+00
-1.070957285885970611e+00
-1.070778406252525183e+00
-1.071117083849694618e+00
-1.071360122522678093e+00
-1.071077353182669833e+00
-1.070996598007657452e+00
-1.071560424971220948e+00
-1.070913366108823039e+00
-1.071362037705047454e+00
-1.071398814923417930e+00
-1.070897766109706994e+00
-1.070976023765938701e+00
-1.071115303525626450e+00
-1.071014363501746169e+00
-1.070579790554286648e+00
-1.070948702314677092e+00
-1.071135707687531191e+00
-1.071154282072439567e+00
-1.071217293639133761e+00
-1.071261222389129353e+00
-1.071147311207198527e+00
-1.071780728863130472e+00
-1.071073621735529446e+00
-1.071138908147481139e+00
-1.071028121526283794e+00
-1.071322981412175857e+00
-1.070945738594428098e+00
-1.071362855007630399e+00
-1.071026019861178735e+00
-1.070807594110078753e+00
-1.070960011665380351e+00
-1.071255021868731783e+00
-1.070843869499846779e+00
-1.070852136832299406e+00
-1.071372613208048330e+00
-1.071437130776158320e+00
-1.071305929956237968e+00
-1.071356421621475041e+00
-1.070992557531707412e+00
-1.071570816003959425e+00
-1.070682183656905595e+00
-1.071191037458526507e+00
-1.070929250059242666e+00
-1.071158398382406007e+00
-1.070906542685544194e+00
-1.071387499278676936e+00
-1.071354713441007300e+00
-1.071195389081831983e+00
-1.071005336236565908e+00
-1.071001640850396397e+00
-1.071043176608426739e+00
-1.071105626234813313e+00
-1.071036072358629854e+00
-1.071327132218595324e+00
-1.071160723900559386e+00
-1.071079983538523850e+00
-1.071277657830977503e+00
-1.071012018890238782e+00
-1.070875905574114384e+00
-1.071144979286922538e+00
-1.070957124573894248e+00
-1.070665133803478497e+00
-1.071045355504205210e+00
-1.070946609472700040e+00
-1.071425361629743334e+00
-1.071236541280457644e+00
-1.071706873867442011e+00
-1.071243365550373916e+00
-1.071372756653125258e+00
-1.071033558852875656e+00
-1.071430974920356327e+00
-1.071423353571803405e+00
-1.071414791384059928e+00
-1.071088175771861106e+00
-1.071353043511785952e+00
-1.070692609096410397e+00
-1.070971198678203340e+00
-1.071245622727875935e+00
-1.071371406942382309e+00
-1.070502591372802792e+00
-1.070946844198865433e+00
-1.070559877724079900e+00
-1.070631002153965339e+00
-1.071399242273829433e+00
-1.071246402461691227e+00
-1.070902413420452559e+00
-1.071028233105014937e+00
-1.071466616968926422e+00
-1.070964151873750270e+00
-1.070961697316962002e+00
-1.071290749011501342e+00
-1.071220679927228803e+00
-1.071388338564289500e+00
-1.071100957443781976e+00
-1.070468549785449586e+00
-1.071032995366981266e+00
-1.071049661084825910e+00
-1.070990047829742942e+00
-1.071484631217398675e+00
-1.071433727535558322e+00
-1.071131489109395929e+00
-1.070980232088053263e+00
-1.070797331763676086e+00
-1.071268185686999219e+00
-1.070919621268187738e+00
-1.070924537476997562e+00
-1.070652241392863635e+00
-1.071047028681938684e+00
-1.070744624466179795e+00
-1.071435841225091501e+00
-1.071090042073884030e+00
-1.071175140886797772e+00
-1.071320886928370353e+00
-1.071107986583482719e+00
-1.071159007279835373e+00
-1.071050352910106307e+00
-1.071326796314785001e+00
-1.070692591993951392e+00
-1.070816265076217855e+00
-1.071026086551187806e+00
-1.070790513122132470e+00
-1.071185663233394036e+00
-1.071245832571839252e+00
-1.071086689370457368e+00
-1.071507845460371477e+00
-1.071046013993627311e+00
-1.071029721622665187e+00
-1.071264578057174788e+00
-1.070923924143203143e+00
-1.071480764635533767e+00
-1.070975389056092242e+00
-1.070872057096143859e+00
-1.071094183597222527e+00
-1.071604724045972512e+00
-1.071263637247803269e+00
-1.071545593820209419e+00
-1.070642860379641848e+00
-1.071301502785621862e+00
-1.071477308377612570e+00
-1.070994552474443307e+00
-1.071608542043564372e+00
-1.071201992283572935e+00
-1.071340763713708677e+00
-1.071100452843901651e+00
-1.071314462492539699e+00
-1.071079036334849688e+00
-1.071055231493663440e+00
-1.071357535032771313e+00
-1.071597585555960519e+00
-1.071130631492702490e+00
-1.071099755804395981e+00
-1.071150821927833174e+00
-1.071246591857553332e+00
-1.070828425114103144e+00
-1.071123721950031138e+00
-1.070892953892665700e+00
-1.070721482411655101e+00
-1.070889525238358342e+00
-1.071391569563835189e+00
-1.071227745072137250e+00
-1.071159481674456515e+00
-1.071037159452594922e+00
-1.071005595927368326e+00
-1.071313456502950956e+00
-1.071022732380355391e+00
-1.070999579960135062e+00
-1.071001372057928336e+00
-1.071175293796985839e+00
-1.070920003567958689e+00
-1.070803849389913687e+00
-1.071373272857290448e+00
-1.070613993572917977e+00
-1.071110600058160944e+00
-1.071054955653251595e+00
-1.071605172355869717e+00
-1.071158048516976491e+00
-1.071291930212109111e+00
-1.071028050099677831e+00
-1.071133720563822944e+00
-1.071097931652825297e+00
-1.070980456098659772e+00
-1.070473498833221848e+00
-1.071367526699486206e+00
-1.071228334088783374e+00
-1.071222321671040589e+00
-1.070521733850488433e+00
-1.070964788786245903e+00
-1.071347674129493166e+00
-1.071120100015541254e+00
-1.071360709956326263e+00
-1.071461663713733747e+00
-1.071243022458566951e+00
-1.071031822569315173e+00
-1.070714658307428735e+00
-1.071472804045694893e+00
-1.070494228965405803e+00
-1.071183653568900107e+00
-1.071180942757186338e+00
-1.070839180188982498e+00
-1.071336666745159372e+00
-1.071259869947499332e+00
-1.070907606323449057e+00
-1.070766036596861870e+00
-1.070847667959016425e+00
-1.071099487356123037e+00
-1.070973777998239118e+00
-1.071191492581040627e+00
-1.071035191399925424e+00
-1.070911907628063320e+00
-1.071148004939149967e+00
-1.071170356574724147e+00
-1.070955351183948689e+00
-1.070849978490497012e+00
-1.071324272930263666e+00
-1.071287754082379973e+00
-1.071242926705531451e+00
-1.070994917430337035e+00
-1.070869174638014787e+00
-1.071384199366934409e+00
-1.070507955830356295e+00
-1.071133288594023236e+00
-1.070431801940871397e+00
-1.071396493238401249e+00
-1.070819159804302867e+00
-1.071685301113910249e+00
-1.071562828897331565e+00
-1.070794619482881904e+00
-1.071134749256725360e+00
-1.071103818754283177e+00
-1.070799651773986394e+00
-1.070977202479972634e+00
-1.071072899185057548e+00
-1.070988665176933807e+00
-1.070988239280050047e+00
-1.071402173014552872e+00
-1.071240135374577296e+00
-1.071032760725789235e+00
-1.071306369340829789e+00
-1.071095175434332081e+00
-1.071397857987193891e+00
-1.070930391335076948e+00
-1.070882832129242734e+00
-1.071168710027826210e+00
-1.071353560255553283e+00
-1.070684841958714051e+00
-1.070387819365566484e+00
-1.070862768539314835e+00
-1.071075999362424813e+00
-1.070791763354465020e+00
-1.070884105066763237e+00
-1.071377292956080973e+00
-1.070830438872861112e+00
-1.071134177543879851e+00
-1.070674743243141380e+00
-1.071028619741835497e+00
-1.071137694516489436e+00
-1.070807520779605504e+00
-1.071521741027679386e+00
-1.071120452290513558e+00
-1.071230479315746331e+00
-1.071148153774507117e+00
-1.071305686285185077e+00
-1.071135012595707758e+00
-1.071005116561287940e+00
-1.070852307964216710e+00
-1.071242462493824821e+00
-1.071108226004443997e+00
-1.071245063377922691e+00
-1.071550792774569105e+00
-1.071138878418640195e+00
-1.071540970277097715e+00
-1.070687871253894752e+00
-1.070984692074039790e+00
-1.071339596125850502e+00
-1.070918186524732585e+00
-1.071122744128045756e+00
-1.071104780133128820e+00
-1.071006861164455204e+00
-1.071506595581511956e+00
-1.071347081414980584e+00
-1.070988808259900837e+00
-1.071066463119820122e+00
-1.070993579204034596e+00
-1.070955110281391898e+00
-1.071196826103759436e+00
-1.070760099399574061e+00
-1.071308514146434687e+00
-1.071157554377963894e+00
-1.071077462917582990e+00
-1.070746504231689045e+00
-1.071241221699244850e+00
-1.070497056194675833e+00
-1.071112615077572716e+00
-1.071038385622475220e+00
-1.070612329332186308e+00
-1.071226490844577661e+00
-1.071554305599059953e+00
-1.070709197471172880e+00
-1.071204923961514677e+00
-1.070707876745935039e+00
-1.071443877855426496e+00
-1.070876439686108572e+00
-1.071227861405095627e+00
-1.071195370015250115e+00
-1.070751826699462006e+00
-1.071299462607698594e+00
-1.070891809902018821e+00
-1.070642914185043315e+00
-1.071048022435696412e+00
-1.071055588391565561e+00
-1.071448462499374310e+00
-1.071413133302787868e+00
-1.071209412037897879e+00
-1.070691463034113555e+00
-1.070600769716167688e+00
-1.071060759638928994e+00
-1.071252054038808188e+00
-1.071198306187670202e+00
-1.070779406950063795e+00
-1.071278272036899848e+00
-1.070989166560315065e+00
-1.071352344461015793e+00
-1.071125466581725139e+00
-1.070899226661258252e+00
-1.071354014422234213e+00
-1.070649982600802019e+00
-1.071058852208565115e+00
-1.071035698827878191e+00
-1.071085351300046895e+00
-1.071005087100360464e+00
-1.071556170447683698e+00
-1.071234547460474307e+00
-1.071180728154646822e+00
-1.071548061347158409e+00
-1.070919036584428552e+00
-1.071237747879548952e+00
-1.071040467755624226e+00
-1.071364378557067676e+00
-1.071441989702870634e+00
-1.070970103272040674e+00
-1.071230846768928435e+00
-1.071325693445611016e+00
-1.071200465057326578e+00
-1.070996024747898012e+00
-1.070875569563391139e+00
-1.071131255773588142e+00
-1.071266242525752199e+00
-1.071117042105999895e+00
-1.070606656960098713e+00
-1.070881888271222104e+00
-1.070504268578050144e+00
-1.070888019988041284e+00
-1.071052179740008992e+00
-1.070931984027859274e+00
-1.070946613644441658e+00
-1.071405384386201032e+00
-1.071184854180460722e+00
-1.070743484704826276e+00
-1.070939862657164232e+00
-1.071630419358676312e+00
-1.071070720811757138e+00
-1.071043570850821025e+00
-1.070973268981590953e+00
-1.071024725601370520e+00
-1.070792995259896241e+00
-1.071155599739268105e+00
-1.071017988259165277e+00
-1.070937135110434868e+00
-1.070560214621132600e+00
-1.071535883493569763e+00
-1.071329027918409338e+00
-1.071206083322685965e+00
-1.071135540696386945e+00
-1.071040641274925820e+00
-1.070730337421802902e+00
-1.071084432124409291e+00
-1.071158177609272899e+00
-1.071055426155468338e+00
-1.071091090744697105e+00
-1.070904476824126927e+00
-1.071336804283198774e+00
-1.071262164525270899e+00
-1.071002729259783015e+00
-1.070960402595703354e+00
-1.071120675109556553e+00
-1.070939830193530229e+00
-1.071014388242036874e+00
-1.070988342519109571e+00
-1.070646444808214026e+00
-1.070901334772294433e+00
-1.071359148446512810e+00
-1.070947356080901969e+00
-1.070916416698962870e+00
-1.070972580973218680e+00
-1.071008553029272337e+00
-1.071111326537980357e+00
-1.070701872398272858e+00
-1.071342515827588437e+00
-1.071153961380523656e+00
-1.070829834101610700e+00
-1.071434602896404131e+00
-1.070743128296079760e+00
-1.070869578095027252e+00
-1.071129099579374300e+00
-1.071378431296789113e+00
-1.071042274118789717e+00
-1.070989813396825641e+00
-1.071246838260001111e+00
-1.071691954784217193e+00
-1.071004985949153054e+00
-1.070579824934737800e+00
-1.071122491421450329e+00
-1.071408976663797530e+00
-1.071445049689404794e+00
-1.071588152776088210e+00
-1.070999265007273049e+00
-1.070757758453382502e+00
-1.071388287675878903e+00
-1.071196808210134854e+00
-1.070977448840645607e+00
-1.070945399813268750e+00
-1.070574359341286197e+00
-1.071382364030910805e+00
-1.070665848146734156e+00
-1.071508479042652562e+00
-1.070834096053199236e+00
-1.070469990487217915e+00
-1.071113868117545165e+00
-1.071575835989978076e+00
-1.070867157407198400e+00
-1.071133744330244442e+00
-1.071216935340999488e+00
-1.070909139247412378e+00
-1.070958507841738072e+00
-1.070786050510469156e+00
-1.070831998069847080e+00
-1.071310299718687631e+00
-1.071355089554507867e+00
-1.070578767540530940e+00
-1.070957188569726659e+00
-1.070987905944176921e+00
-1.070983457914051362e+00
-1.070808904646813664e+00
-1.071126992162722447e+00
-1.071239082967976319e+00
-1.071021553801312365e+00
-1.070867540719229627e+00
-1.071086745882505076e+00
-1.071569827434124766e+00
-1.070751791987890833e+00
-1.071111196829266143e+00
-1.070467196514231611e+00
-1.071469045321445934e+00
-1.070954566331147495e+00
-1.070729899651124084e+00
-1.070957594695704396e+00
-1.070790308951503400e+00
-1.070894159129891499e+00
-1.071068044946564379e+00
-1.071378122545468825e+00
-1.070885559983253854e+00
-1.071508293865409467e+00
-1.071632342990806785e+00
-1.071153236729846858e+00
-1.070710251892166065e+00
-1.071422547858633001e+00
-1.071471187401180192e+00
-1.070768489928124456e+00
-1.071303126288629892e+00
-1.070871742135296678e+00
-1.070857300571008475e+00
-1.071047150962593841e+00
-1.071021051277045721e+00
-1.071029148665425978e+00
-1.070379869215202451e+00
-1.071225845832464163e+00
-1.071128070471040417e+00
-1.070959993333052918e+00
-1.070813509945650166e+00
-1.070860737018645370e+00
-1.071448038008100845e+00
-1.070647189498931784e+00
-1.071015461364042132e+00
-1.071746509384012613e+00
-1.070840303341006328e+00
-1.071188547239514621e+00
-1.071540109857225698e+00
-1.071065756476296871e+00
-1.070925130501008349e+00
-1.071152140692602117e+00
-1.071392658438897305e+00
-1.071019371231539230e+00
-1.071407440829409863e+00
-1.071204963464663873e+00
-1.070836771354762629e+00
-1.070794092445321422e+00
-1.071112777009434858e+00
-1.071489869992999777e+00
-1.071555095711369310e+00
-1.071194231084587223e+00
-1.071000431459171010e+00
-1.071151505216044519e+00
-1.071270335040665156e+00
-1.071377807300468943e+00
-1.070669139444889728e+00
-1.070736001559849493e+00
-1.071514373457413738e+00
-1.071098207776678857e+00
-1.070686868492275678e+00
-1.071205816282873258e+00
-1.070925986358191251e+00
-1.070781639161576537e+00
-1.071347984150244015e+00
-1.071264028662561874e+00
-1.071608634230350576e+00
-1.070779379937212727e+00
-1.071143861729585645e+00
-1.070739279035107572e+00
-1.071392589216279223e+00
-1.070862233344469505e+00
-1.071404488884734718e+00
-1.071818942937085906e+00
-1.071272392128089113e+00
-1.071113754730969703e+00
-1.071368989697635277e+00
-1.071367866881321129e+00
-1.071246251162121466e+00
-1.071326893900229171e+00
-1.071107031585883274e+00
-1.071222994789317706e+00
-1.070943086378323139e+00
-1.071072534028629786e+00
-1.071353365415684156e+00
-1.071223832366505091e+00
-1.071034715292846329e+00
-1.070475954079809666e+00
-1.071564023996323778e+00
-1.070458975261258550e+00
-1.071264588865637135e+00
-1.070989971968475896e+00
-1.071195403504367594e+00
-1.071100353531631688e+00
-1.070875897713527758e+00
-1.070621535144563374e+00
-1.071383446296333197e+00
-1.070957286802632025e+00
-1.071104184635908618e+00
-1.071540132948256563e+00
-1.070912945337128441e+00
-1.070736192414772470e+00
-1.071367665795829760e+00
-1.070947990937593408e+00
-1.070754201045482246e+00
-1.071281931575917445e+00
-1.071364889520283192e+00
-1.071126814775102742e+00
-1.071131958406279949e+00
-1.070822632329955004e+00
-1.071179719718667434e+00
-1.070857333145120549e+00
-1.071172753673016231e+00
-1.070936703211907925e+00
-1.071161137344967207e+00
-1.070758367121761312e+00
-1.071448213674169647e+00
-1.071426373695022471e+00
-1.070701143578603798e+00
-1.070912848244181426e+00
-1.071343978845363587e+00
-1.071232618332690567e+00
-1.071177385335119414e+00
-1.071075291425281462e+00
-1.071438396412609295e+00
-1.070937140512012498e+00
-1.071720226667331799e+00
-1.071300491300466007e+00
-1.071172232659732826e+00
-1.070981420725390043e+00
-1.070823929719744605e+00
-1.070845574774783593e+00
-1.071036072843244646e+00
-1.070837208539121344e+00
-1.071356389549788624e+00
-1.071075432758197721e+00
-1.071192754018877480e+00
-1.071032492105082889e+00
-1.070977130419371370e+00
-1.070687463965647401e+00
-1.071007032196144682e+00
-1.071200711547986684e+00
-1.071455623372806532e+00
-1.071022592995137135e+00
-1.071052715248566489e+00
-1.071300485522895363e+00
-1.070847793173263396e+00
-1.070664681910728833e+00
-1.071269265986055652e+00
-1.070938593589169541e+00
-1.071298275448801185e+00
-1.070928534396491383e+00
-1.071731148768869879e+00
-1.071265805545346561e+00
-1.070718799098338447e+00
-1.070866262200523833e+00
-1.071254284693802461e+00
-1.071272077681329815e+00
-1.071473560124592606e+00
-1.071126277258086512e+00
-1.071108599094571678e+00
-1.071215399281350678e+00
-1.071181495157091490e+00
-1.070844153229226992e+00
-1.071138957740127129e+00
-1.070744470142492855e+00
-1.071307907662817138e+00
-1.070921364125969610e+00
-1.071358918509084157e+00
-1.071233888675848567e+00
-1.071141971883410760e+00
-1.071108179111352809e+00
-1.071158273978476849e+00
-1.071215551179957259e+00
-1.071312830258284832e+00
-1.071317246282381230e+00
-1.071200884185482982e+00
-1.071317882662144338e+00
-1.070955220247391093e+00
-1.071141613429052564e+00
-1.071268474765967316e+00
-1.071102862012925039e+00
-1.070758681282630409e+00
-1.070725644074923988e+00
-1.071150945682470823e+00
-1.071205909497031206e+00
-1.071263070235560777e+00
-1.070582143226248117e+00
-1.071525352305405132e+00
-1.071247935674281893e+00
-1.070567399321039392e+00
-1.071546665378623642e+00
-1.070645483101022366e+00
-1.071255860843538743e+00
-1.071106887265466989e+00
-1.070988592037901643e+00
-1.071286982649555908e+00
-1.070921549630624581e+00
-1.071446200605833843e+00
-1.070406721879786582e+00
-1.071326193778153080e+00
-1.070897129290906857e+00
-1.071258868832345890e+00
-1.071293125899197785e+00
-1.071110782233807290e+00
-1.070760421518793359e+00
-1.071524315484122525e+00
-1.071080604323064955e+00
-1.071134751667553786e+00
-1.071350358556700799e+00
-1.071079967316417969e+00
-1.070877870186349057e+00
-1.071277579708378891e+00
-1.071087366874218683e+00
-1.071170155300326998e+00
-1.071015720061962551e+00
-1.071179150054888174e+00
-1.071256754940629552e+00
-1.071090850899159674e+00
-1.070838252808673507e+00
-1.071122885140363801e+00
-1.071264379840590086e+00
-1.070627552834702456e+00
-1.071003827819700494e+00
-1.071180888733675562e+00
-1.070603521981645212e+00
-1.071370279415436499e+00
-1.071694675199430513e+00
-1.071362857264349211e+00
-1.071248663713622928e+00
-1.071253482196046214e+00
-1.070877309646657061e+00
-1.071302064238684348e+00
-1.070945065142262509e+00
-1.071088323360963601e+00
-1.071072939018315129e+00
-1.071233000839042493e+00
-1.070632012086190299e+00
-1.071380663438082914e+00
-1.070862449140915551e+00
-1.070800986261366994e+00
-1.071056610095793671e+00
-1.071351005509154630e+00
-1.071165423117735216e+00
-1.071087912091952532e+00
-1.070788138125671640e+00
-1.070916347240908006e+00
-1.071241035965708521e+00
-1.070894148878160479e+00
-1.070970099081563376e+00
-1.070950647710284143e+00
-1.071171451604296276e+00
-1.071126043170623321e+00
-1.070766010920461087e+00
-1.070812061825915373e+00
-1.071325196777872302e+00
-1.070742284458381599e+00
-1.070720769144823281e+00
-1.071118885524766862e+00
-1.071245549278488474e+00
-1.070771973197222504e+00
-1.070488579352814495e+00
-1.070869972090455091e+00
-1.071632962583078719e+00
-1.070962226156941810e+00
-1.071095466367140148e+00
-1.071209649831942778e+00
-1.070747875792616322e+00
-1.071567775941832723e+00
-1.070919659354710785e+00
-1.070955386977755497e+00
-1.070658825127016600e+00
-1.071560860682475358e+00
-1.071288214567633235e+00
-1.071085761853170615e+00
-1.070901629836207514e+00
-1.070724322106775261e+00
-1.070803443866778837e+00
-1.071084728367529326e+00
-1.070963392308209583e+00
-1.070817418711764502e+00
-1.071297231595887522e+00
-1.071227444897335124e+00
-1.071392787599808383e+00
-1.071593570986940192e+00
-1.071375477028148060e+00
-1.071263204801832680e+00
-1.070947004215377474e+00
-1.070982672109613176e+00
-1.071044375552532069e+00
-1.071047973720935076e+00
-1.071316914271051024e+00
-1.071027435160378127e+00
-1.070827344915604495e+00
-1.071278115577442014e+00
-1.071170651333797963e+00
-1.071224932039588129e+00
-1.071326993303917119e+00
-1.070976194442802898e+00
-1.071449206639895513e+00
-1.071139238480759870e+00
-1.071186672169328169e+00
-1.070962263546773929e+00
-1.071077314215631127e+00
-1.070808975271331231e+00
-1.070999241669086777e+00
-1.071128412322332357e+00
-1.070965656946988531e+00
-1.071262903293767277e+00
-1.070783876238494026e+00
-1.071221649532069886e+00
-1.071249263796705931e+00
-1.071274793645254686e+00
-1.071271164184953939e+00
-1.071063075126875486e+00
-1.071065711687323452e+00
-1.070753947406571704e+00
-1.070945716501312539e+00
-1.071050836706170406e+00
-1.070872151343293943e+00
-1.071542024572077922e+00
-1.070973682933632043e+00
-1.070834740357889503e+00
-1.071046432201627319e+00
-1.070565912077663384e+00
-1.071387225589888192e+00
-1.070772948911065559e+00
-1.071173657537309865e+00
-1.070681888432334139e+00
-1.070650572911095111e+00
-1.070961136908025857e+00
-1.071195730919013211e+00
-1.070918052439431056e+00
-1.070909825899208023e+00
-1.071168658313204736e+00
-1.071232551345630224e+00
-1.070971618879311249e+00
-1.071422310356590524e+00
-1.070916594312858239e+00
-1.070805296983707411e+00
-1.070858579878147365e+00
-1.070751754219462226e+00
-1.070407807553019452e+00
-1.070910825530353661e+00
-1.070872756216397326e+00
-1.070692841730369160e+00
-1.071013533269396190e+00
-1.070899132896764971e+00
-1.071066658575184016e+00
-1.071001459021636792e+00
-1.070975969048896914e+00
-1.071171923847682228e+00
-1.071464256521908576e+00
-1.070688168914564198e+00
-1.070642833410759387e+00
-1.070880965151744135e+00
-1.070952238305531656e+00
-1.070701944137499639e+00
-1.070793641039648136e+00
-1.071362064701078198e+00
-1.070967669678303702e+00
-1.071406120368330495e+00
-1.071143713321551338e+00
-1.070612241518774876e+00
-1.070275922471183971e+00
-1.071202983947129539e+00
-1.070365349626178686e+00
-1.071407364588823130e+00
-1.071399014852346676e+00
-1.071180410093272251e+00
-1.071008714895007596e+00
-1.071317632921510388e+00
-1.071015114182603201e+00
-1.071200335132678871e+00
-1.071015034519170017e+00
-1.071469788805390788e+00
-1.071118311044616966e+00
-1.071621193020846352e+00
-1.071161329520675443e+00
-1.071208119932072877e+00
-1.071042780920328896e+00
-1.071131976679982944e+00
-1.071325672345774693e+00
-1.071332320934360371e+00
-1.071206545455037906e+00
-1.070756182230338194e+00
-1.070837313795449885e+00
-1.070946293718796127e+00
-1.071215680713878626e+00
-1.071054598510696509e+00
-1.071112617176295911e+00
-1.071206271294809609e+00
-1.070971112267412595e+00
-1.071524750069266396e+00
-1.071101373177910210e+00
-1.071293336037599353e+00
-1.070930778237452641e+00
-1.070927720318879395e+00
-1.071421902657517577e+00
-1.071570830934460705e+00
-1.070750635575237197e+00
-1.070961044474625368e+00
-1.071339761695216053e+00
-1.070891818770411286e+00
-1.070815565073543807e+00
-1.071282633639639714e+00
-1.071065637222196054e+00
-1.070995365134051136e+00
-1.070638196758123550e+00
-1.071291548865911158e+00
-1.070539057269195959e+00
-1.071634340464213242e+00
-1.070857277960706400e+00
-1.071223290241431148e+00
-1.071038111819987870e+00
-1.070732894860271900e+00
-1.071506378759287115e+00
-1.070767768244461404e+00
-1.070988340604788869e+00
-1.070762390915604323e+00
-1.071186650225588677e+00
-1.071162664815157983e+00
-1.071940684512697528e+00
-1.071151819541023897e+00
-1.071228224182414923e+00
-1.071250019674066412e+00
-1.070729774329655548e+00
-1.071081324892813935e+00
-1.071206082211471511e+00
-1.070851014273224155e+00
-1.071315463226472309e+00
-1.071333843951321141e+00
-1.071578201391245821e+00
-1.070783045940628009e+00
-1.070843370694040786e+00
-1.071522396428665536e+00
-1.070855578930699936e+00
-1.070886529948615218e+00
-1.070809064170254121e+00
-1.071118310279772112e+00
-1.070482059302983124e+00
-1.071289590492320976e+00
-1.071310524764238492e+00
-1.070917329618364944e+00
-1.071095622606057063e+00
-1.071169673600740113e+00
-1.071139914997506715e+00
-1.071183539344310542e+00
-1.071014098395575154e+00
-1.071169642303182234e+00
-1.071156797914369685e+00
-1.071076276720483111e+00
-1.071097295858010279e+00
-1.070972914182086511e+00
-1.071641067954123949e+00
-1.071185064360541395e+00
-1.071112187040857311e+00
-1.071092535548400893e+00
-1.070947965767313326e+00
-1.071285832140824512e+00
-1.071177946138517134e+00
-1.070673620338848941e+00
-1.070747161202295406e+00
-1.070716421361038062e+00
-1.070981008264893841e+00
-1.071605361229267306e+00
-1.071241668639140387e+00
-1.071136405639570466e+00
-1.071114461882776814e+00
-1.070934055660975215e+00
-1.071098468087530620e+00
-1.071153791315060611e+00
-1.070954893201168545e+00
-1.070689410174314293e+00
-1.070857366268105570e+00
-1.071265065458854915e+00
-1.070827241468064184e+00
-1.070468039715519071e+00
-1.071092740805953625e+00
-1.071139597052720438e+00
-1.071147524177681110e+00
-1.070872626269846029e+00
-1.070985762539031105e+00
-1.070891411174998753e+00
-1.071487851749648001e+00
-1.071177506822075909e+00
-1.070760114564935694e+00
-1.071121850754807925e+00
-1.071245079447801674e+00
-1.071011513262921655e+00
-1.070909899559989498e+00
-1.070785594742570179e+00
-1.071098009270077700e+00
-1.070768069172257420e+00
-1.071182830906125538e+00
-1.071103240764622377e+00
-1.070748047487485310e+00
-1.070873832313207208e+00
-1.071440325296908691e+00
-1.071242313665606627e+00
-1.070950220056176461e+00
-1.071361592365160709e+00
-1.070715697206751083e+00
-1.071459677952096401e+00
-1.070981378941271656e+00
-1.070647430517243315e+00
-1.071018237847361165e+00
-1.071262939529680436e+00
-1.071062702678949874e+00
-1.071249661966574562e+00
-1.071272816107056602e+00
-1.070754448597772690e+00
-1.070949704407309522e+00
-1.070661306923671452e+00
-1.071059681007617170e+00
-1.071165474777446391e+00
-1.071054782454042176e+00
-1.071600387899139362e+00
-1.071339555380431907e+00
-1.071160140776066694e+00
-1.071028499632857622e+00
-1.071596975424242260e+00
-1.071478776205180949e+00
-1.070718007936979577e+00
-1.071363584206107777e+00
-1.071333327711606165e+00
-1.071540506238852331e+00
-1.071059796372600736e+00
-1.071675315095463432e+00
-1.071250244894311532e+00
-1.071469864715641984e+00
-1.071492241272130386e+00
-1.071256625216121527e+00
-1.071305603890130520e+00
-1.071358182044319873e+00
-1.070769776916358440e+00
-1.071043220974845500e+00
-1.071105886464419399e+00
-1.071371260221314570e+00
-1.071136684371489345e+00
-1.071418060344305090e+00
-1.071238791158792836e+00
-1.071220741274050647e+00
-1.071699424534120482e+00
-1.070932419660694856e+00
-1.070949177049103085e+00
-1.071097038587497607e+00
-1.070476299715718893e+00
-1.071006775764168584e+00
-1.071149759165483495e+00
-1.071184537664330083e+00
-1.071319920506127454e+00
-1.070951160781850930e+00
-1.071403948107084281e+00
-1.071335321996651269e+00
-1.071480637562518101e+00
-1.070770293484498925e+00
-1.071064331584455465e+00
-1.071390155421980683e+00
-1.071039657412082180e+00
-1.071242887284855172e+00
-1.070916013870821359e+00
-1.070639765818175659e+00
-1.070889661711984076e+00
-1.071151015682417995e+00
-1.070791140521706541e+00
-1.070869394862909774e+00
-1.071101391351081400e+00
-1.071111109791595739e+00
-1.070569193127741903e+00
-1.071136555107709443e+00
-1.070917224784567301e+00
-1.071854874730883367e+00
-1.071148531643508983e+00
-1.071019050874040701e+00
-1.070669439189988692e+00
-1.070913563105353683e+00
-1.071006238971846658e+00
-1.071569015167879835e+00
-1.071431271131507268e+00
-1.070800151754583540e+00
-1.071113504452583465e+00
-1.071197412491049050e+00
-1.070991519775046585e+00
-1.071278046912843118e+00
-1.071218709790761947e+00
-1.070969598215278262e+00
-1.070701559006298265e+00
-1.071124943430219911e+00
-1.070826988386580858e+00
-1.070885303574853342e+00
-1.071030914949011370e+00
-1.071230687140283022e+00
-1.071533230054250829e+00
-1.071162238864937555e+00
-1.071281191183660830e+00
-1.070943276776241904e+00
-1.070959988899757631e+00
-1.070578807763609808e+00
-1.070547941505696876e+00
-1.071479036090480008e+00
-1.070804965902165673e+00
-1.070962263876230836e+00
-1.070767430554470545e+00
-1.071168728627327704e+00
-1.071126547401835216e+00
-1.070891817812057889e+00
-1.071130772363914518e+00
-1.071304952590810489e+00
-1.071161166939498255e+00
-1.071489569443392798e+00
-1.071033838702396768e+00
-1.070941893558166491e+00
-1.071310881327580899e+00
-1.070872404584246596e+00
-1.071023978737992044e+00
-1.070738225718076420e+00
-1.071205575449020175e+00
-1.071415879642889646e+00
-1.070660934204962889e+00
-1.071146364714466337e+00
-1.070927973233096075e+00
-1.071281153168897937e+00
-1.071031505910924775e+00
-1.070984809120815395e+00
-1.071371134798628555e+00
-1.070778196488552103e+00
-1.071507374841681903e+00
-1.070808074007778110e+00
-1.071382809102149336e+00
-1.070932645835922292e+00
-1.071515420157176601e+00
-1.071396988738000600e+00
-1.071016970028016546e+00
-1.071558634114261999e+00
-1.070998715977384830e+00
-1.071491332022494802e+00
-1.071320360516952341e+00
-1.071121734163260175e+00
-1.071109931117963265e+00
-1.071463465135003457e+00
-1.071226823933877803e+00
-1.070951887281079484e+00
-1.070905073035754551e+00
-1.070969526640065395e+00
-1.070659392791640796e+00
-1.071475508559635026e+00
-1.071177665922268707e+00
-1.071606182965183285e+00
-1.071517744872091393e+00
-1.070944953675547984e+00
-1.071343294925881207e+00
-1.070963407458644490e+00
-1.071077851249429225e+00
-1.071094780211937714e+00
-1.070600409235274331e+00
-1.070706993793961948e+00
-1.071226427364827538e+00
-1.071243959136620960e+00
-1.071417706816560678e+00
-1.071354435304263220e+00
-1.071038910850204084e+00
-1.071047665738843468e+00
-1.070681440936977147e+00
-1.071270815626220063e+00
-1.071024421946877192e+00
-1.071102288030956640e+00
-1.071037383659768416e+00
-1.071415679352022643e+00
-1.071330504397264072e+00
-1.070830201034013163e+00
-1.070928183140876788e+00
-1.071067933695538654e+00
-1.070990318145206732e+00
-1.071265008930573748e+00
-1.071229918490431698e+00
-1.071168019363323731e+00
-1.071236916151182106e+00
-1.070976574314965957e+00
-1.071202921612999237e+00
-1.071178108866879919e+00
-1.071130185652582334e+00
-1.070925708369809604e+00
-1.070965925776585559e+00
-1.071251360140341502e+00
-1.071485100784241418e+00
-1.071210603580146303e+00
-1.071031936998661394e+00
-1.071496111121369221e+00
-1.071006439008932443e+00
-1.071130438333914414e+00
-1.071545747520434411e+00
-1.071067649640211172e+00
-1.071059761274557598e+00
-1.070341539880246717e+00
-1.070942368201068140e+00
-1.071273213260039769e+00
-1.070886334935094775e+00
-1.071247671680984226e+00
-1.070829968251338693e+00
-1.070582369419789570e+00
-1.071032750624082430e+00
-1.071353375236135719e+00
-1.071085355910803782e+00
-1.071036968693703129e+00
-1.071736231972158837e+00
-1.070799867447047360e+00
-1.071051988307016867e+00
-1.071086735862021300e+00
-1.070462259740166733e+00
-1.071014309079833193e+00
-1.071124571539129766e+00
-1.071498416100033824e+00
-1.070748297789136050e+00
-1.070779430951127376e+00
-1.070487977791686918e+00
-1.071422362509194093e+00
-1.070902958362927704e+00
-1.071407741264610136e+00
-1.070777498066193267e+00
-1.071587558376609461e+00
-1.070717060174201096e+00
-1.071005953942751665e+00
-1.070885600354229084e+00
-1.071483484518239715e+00
-1.070887760277983825e+00
-1.071197392945440807e+00
-1.070974910606241393e+00
-1.071370654856105054e+00
-1.071561252793615360e+00
-1.071410999894969907e+00
-1.071046970393206177e+00
-1.071127696029221754e+00
-1.071229749877804283e+00
-1.071314683347500907e+00
-1.071009881704778399e+00
-1.071169191132404164e+00
-1.071026276643152197e+00
-1.070805203435237329e+00
-1.070957290076712809e+00
-1.071201451110022296e+00
-1.070642439442565763e+00
-1.071154793533330318e+00
-1.071125228364645299e+00
-1.071049958366560251e+00
-1.071114379247127824e+00
-1.071418535226279722e+00
-1.071472726384891327e+00
-1.071111093424573779e+00
-1.071363687179490265e+00
-1.070754748789360056e+00
-1.071127770689857872e+00
-1.071103888934246129e+00
-1.071076601143776008e+00
-1.070492259302470606e+00
-1.070744661705612888e+00
-1.071119394863714991e+00
-1.071146607879407409e+00
-1.071357995054097012e+00
-1.071116552017280510e+00
-1.071043592285067403e+00
-1.070961694934047248e+00
-1.070961839499219748e+00
-1.071098154791165991e+00
-1.070999329539397138e+00
-1.070823235212351898e+00
-1.071105316629007875e+00
-1.070901737485317362e+00
-1.070983338670027374e+00
-1.070500382404387940e+00
-1.071037458981556556e+00
-1.071099212833052094e+00
-1.071293084552037866e+00
-1.071019612275816657e+00
-1.070832028336364372e+00
-1.070887828370009176e+00
-1.071412870836556896e+00
-1.071157770125981123e+00
-1.070967646544209284e+00
-1.070695323067447635e+00
-1.071424871693314573e+00
-1.070930326048219028e+00
-1.071118968841161312e+00
-1.071218200548016197e+00
-1.070992706003972783e+00
-1.070972895091024224e+00
-1.071285249327186717e+00
-1.071282401485683211e+00
-1.071492219969217619e+00
-1.070987079478240123e+00
-1.070793458630225459e+00
-1.071171659025751177e+00
-1.070794692582567542e+00
-1.070973860398631849e+00
-1.071270483383208294e+00
-1.071038646849693521e+00
-1.071328762896204712e+00
-1.071351131524527656e+00
-1.071042714171118071e+00
-1.070985223693547095e+00
-1.070805219778611983e+00
-1.070878941529597617e+00
-1.071129366149814910e+00
-1.070776662766574461e+00
-1.070867864806887892e+00
-1.071068182064216501e+00
-1.070659577668352958e+00
-1.070962534700407920e+00
-1.070811998107048080e+00
-1.070735272800933835e+00
-1.071529119329063251e+00
-1.071797530621546368e+00
-1.071121446907811636e+00
-1.071204699570428520e+00
-1.070475875115787678e+00
-1.071250222412055475e+00
-1.071039363528241140e+00
-1.070691234041887041e+00
-1.071122136944261394e+00
-1.071411550046269978e+00
-1.071070708624334289e+00
-1.070832678872147836e+00
-1.070966070921158586e+00
-1.071263150273647602e+00
-1.071137006063993535e+00
-1.070725209150726220e+00
-1.071236825140021498e+00
-1.071128293900006634e+00
-1.071238111260035542e+00
-1.071228708248659567e+00
-1.071373384669994877e+00
-1.071046539877775094e+00
-1.071412844821446830e+00
-1.071113998819808177e+00
-1.071485685013435329e+00
-1.071149882328991110e+00
-1.071112436923867373e+00
-1.071154410147382219e+00
-1.070741762015869014e+00
-1.071072314605497233e+00
-1.070924332583364613e+00
-1.071308307827204320e+00
-1.071227485104685462e+00
-1.070650380942174351e+00
-1.070883969847499451e+00
-1.070579254670818159e+00
-1.071298776407722420e+00
-1.070681649504096056e+00
-1.070792631934104566e+00
-1.071178963193351708e+00
-1.070716164537321324e+00
-1.071070167765693748e+00
-1.070820849505266459e+00
-1.071001915915709146e+00
-1.071438874740558989e+00
-1.071075773168600254e+00
-1.070940822529523162e+00
-1.071089291937766141e+00
-1.071194831674285863e+00
-1.071166283862555080e+00
-1.071280990268298483e+00
-1.071366672045236612e+00
-1.071013751037168227e+00
-1.071013462363296531e+00
-1.070946060152845991e+00
-1.071585462612693496e+00
-1.070845955022373230e+00
-1.070950676454766048e+00
-1.071145036244012694e+00
-1.070991067954041087e+00
-1.070779124083951261e+00
-1.071115287531035687e+00
-1.071194547304179956e+00
-1.070947320705363470e+00
-1.070938546118672230e+00
-1.070839085730076468e+00
-1.070567701906553815e+00
-1.070984654551270676e+00
-1.071260130635667940e+00
-1.070552699712819633e+00
-1.070931423651619419e+00
-1.070896005448461530e+00
-1.070974112074288831e+00
-1.071118353159220771e+00
-1.071210690356366291e+00
-1.071175165365324533e+00
-1.070933342891483342e+00
-1.070795766940013660e+00
-1.071093405390839415e+00
-1.071121298129946720e+00
-1.071468303127408372e+00
-1.071340292626385082e+00
-1.071299560912131854e+00
-1.071199866071217643e+00
-1.071159498193605009e+00
-1.070963939012696819e+00
-1.071429343249876265e+00
-1.071211935956331462e+00
-1.071211071815584948e+00
-1.071058282516703875e+00
-1.070889830434520240e+00
-1.071218369910071466e+00
-1.071287643653826116e+00
-1.071075633763066026e+00
-1.071153078126042102e+00
-1.071108216520044953e+00
-1.070712853330993752e+00
-1.071336118444601304e+00
-1.071051040534597654e+00
-1.071390221005141141e+00
-1.071043120326881537e+00
-1.070983773932761451e+00
-1.070966851422662236e+00
-1.071149248995405756e+00
-1.071157581150681937e+00
-1.071196397501692932e+00
-1.071711748677542042e+00
-1.071168670224465824e+00
-1.070909449360794241e+00
-1.071034241672665033e+00
-1.071280334902645182e+00
-1.071302399543838435e+00
-1.071133096574933052e+00
-1.070922257262633792e+00
-1.071366405639219588e+00
-1.070773702664728821e+00
-1.071074143635977860e+00
-1.070967892457584281e+00
-1.070806569737384528e+00
-1.070751199987937330e+00
-1.070974429107465653e+00
-1.070909188639660226e+00
-1.071089698279498181e+00
-1.071409851872925145e+00
-1.071252695135739730e+00
-1.071306845856573986e+00
-1.071113830641429399e+00
-1.071062725697228268e+00
-1.071138171150431972e+00
-1.071469538726934179e+00
-1.071193258949489469e+00
-1.071319699470454578e+00
-1.070887189496416703e+00
-1.071210395959099948e+00
-1.070784551996021960e+00
-1.070985433253516250e+00
-1.071224528617349181e+00
-1.071020531813053678e+00
-1.070682174198251291e+00
-1.070879040602958021e+00
-1.071101145008968913e+00
-1.071093573478140382e+00
-1.071314025525375246e+00
-1.071160845377037152e+00
-1.071134998178003173e+00
-1.070863745821268864e+00
-1.071173427996364280e+00
-1.071297786820251785e+00
-1.071042383276453069e+00
-1.070954651257777446e+00
-1.071218788996445515e+00
-1.070598000449054732e+00
-1.070809281686781800e+00
-1.071135326820359168e+00
-1.071179226799680695e+00
-1.070920292770126236e+00
-1.070990262280050676e+00
-1.070879286509807793e+00
-1.070714694442254977e+00
-1.071334383638874233e+00
-1.071319952456299962e+00
-1.070864159084379263e+00
-1.070963819042825893e+00
-1.070934026659567495e+00
-1.071045182003663720e+00
-1.071513712460598455e+00
-1.070940050990475845e+00
-1.071320421176055193e+00
-1.071665832257658213e+00
-1.070922334318457514e+00
-1.070570984947305071e+00
-1.071217434056218387e+00
-1.070685312016220969e+00
-1.071177999882501508e+00
-1.071005571619651153e+00
-1.071158332409391623e+00
-1.070941260222178171e+00
-1.071147243162219542e+00
-1.071138856020551033e+00
-1.070950375350468997e+00
-1.071369214359451982e+00
-1.070866020189725099e+00
-1.071203504514434579e+00
-1.071096505643241770e+00
-1.071284211317082846e+00
-1.071034230180578861e+00
-1.070896554590281768e+00
-1.070617182050068505e+00
-1.070365755785181561e+00
-1.071581313474256891e+00
-1.071297633518937475e+00
-1.071256746257259751e+00
-1.070823059258611654e+00
-1.070745460103676994e+00
-1.071433774624472646e+00
-1.070786496402626797e+00
-1.071649092460059016e+00
-1.070942407920876249e+00
-1.070920915377675087e+00
-1.071301303364961210e+00
-1.071678773015123154e+00
-1.070937597809899611e+00
-1.071328518394359053e+00
-1.071133694703488848e+00
-1.071385783500097943e+00
-1.070795076376471977e+00
-1.071161533491952644e+00
-1.071066251955639759e+00
-1.071001388829920797e+00
-1.070919289657454643e+00
-1.070665413304096480e+00
-1.071048765942834713e+00
-1.070790666272960490e+00
-1.070465200119480320e+00
-1.071089765922978554e+00
-1.071083013511752391e+00
-1.071324517762948902e+00
-1.071219920957439786e+00
-1.071059526376678006e+00
-1.071104238191450397e+00
-1.070309633282158224e+00
-1.070961509358046015e+00
-1.071176332461180492e+00
-1.071463957690636182e+00
-1.071339418602220261e+00
-1.070941282640038628e+00
-1.071045156115617791e+00
-1.070462714318478836e+00
-1.070955537852864126e+00
-1.071298811650162497e+00
-1.071230739750431260e+00
-1.070924658027033294e+00
-1.071036416788900603e+00
-1.071420011540879180e+00
-1.071130422989805320e+00
-1.070811737293601462e+00
-1.070983808786926339e+00
-1.070878933902792207e+00
-1.071240235298391186e+00
-1.071220381808000388e+00
-1.070861173837914793e+00
-1.071004113514821388e+00
-1.071377967900177808e+00
-1.070602080784531784e+00
-1.071647339819255196e+00
-1.071007903944083628e+00
-1.070764249643204602e+00
-1.070843312592117513e+00
-1.071185462998678561e+00
-1.071029758289981482e+00
-1.070872573978087106e+00
-1.071026529326404075e+00
-1.070614791895240892e+00
-1.071279967777405195e+00
-1.071288145154724702e+00
-1.071011036586928533e+00
-1.071433221373532474e+00
-1.071033574035324065e+00
-1.070846095520606056e+00
-1.071267914030660018e+00
-1.071506643078551591e+00
-1.071219312169087168e+00
-1.070969873117096460e+00
-1.071006150596363282e+00
-1.070653188719127291e+00
-1.071051854963456007e+00
-1.070856697322783990e+00
-1.071370056326145903e+00
-1.071633170073672536e+00
-1.070838560451986554e+00
-1.071007940854801888e+00
-1.071141970029596546e+00
-1.071163479684552167e+00
-1.070923830283328604e+00
-1.071123266259652373e+00
-1.070776600864777217e+00
-1.071181652860993205e+00
-1.071598758275031926e+00
-1.070966053501254844e+00
-1.071435339952937493e+00
-1.071135756577079601e+00
-1.071144861716022634e+00
-1.070915531462117265e+00
-1.071161021542274439e+00
-1.071474750997525538e+00
-1.071221555553820481e+00
-1.071153771562338042e+00
-1.070999424502236286e+00
-1.070740567079719430e+00
-1.071300009161988420e+00
-1.070829700526714667e+00
-1.070898117230342228e+00
-1.071176833079199531e+00
-1.071290855068152581e+00
-1.071029331971662613e+00
-1.071169085819515088e+00
-1.071028913193418308e+00
-1.070555278516851949e+00
-1.070948708708030273e+00
-1.071215862576873956e+00
-1.070986566349387825e+00
-1.071012803765857502e+00
-1.070782579962239911e+00
-1.070864162951880472e+00
-1.071170327701183256e+00
-1.071197048188542222e+00
-1.071116580867306212e+00
-1.070902310348945230e+00
-1.071017093230252737e+00
-1.070835276059417751e+00
-1.071421347838101834e+00
-1.071205351374639791e+00
-1.070836417793274542e+00
-1.070339727611549607e+00
-1.070940312307401721e+00
-1.071095379677717618e+00
-1.071247645571110851e+00
-1.070860848921331154e+00
-1.070969980462379789e+00
-1.071286890065823449e+00
-1.070937296625401824e+00
-1.071361452593482477e+00
-1.071015328124510724e+00
-1.071167226412947482e+00
-1.071508431348305201e+00
-1.071370255843232311e+00
-1.071107899874279346e+00
-1.071510625154712404e+00
-1.070948691362916705e+00
-1.071163919897170302e+00
-1.070889036826354390e+00
-1.070773740166139909e+00
-1.071058657578073170e+00
-1.070727349991103194e+00
-1.071018235933369533e+00
-1.071064615949229637e+00
-1.071166460467402715e+00
-1.070997479668552410e+00
-1.071126937351035702e+00
-1.070564981115684100e+00
-1.071003679547682497e+00
-1.071134467004392521e+00
-1.071461376879202732e+00
-1.071213343026628628e+00
-1.070956313929592563e+00
-1.071134542254336353e+00
-1.071214246169071460e+00
-1.071622078357346686e+00
-1.070875980866189181e+00
-1.070957057600164131e+00
-1.070637119917423385e+00
-1.071222393355150126e+00
-1.071133393183493876e+00
-1.070942256568369944e+00
-1.071071768454561202e+00
-1.071169960901743101e+00
-1.070924000004716881e+00
-1.070953629045562128e+00
-1.071213426194917995e+00
-1.071103147551788037e+00
-1.071375124806552837e+00
-1.071996828217693487e+00
-1.070944400491156800e+00
-1.071119191997857545e+00
-1.070804868587940328e+00
-1.070962908167834238e+00
-1.070795850176709640e+00
-1.071090041026201201e+00
-1.071179646281557929e+00
-1.071136636743039272e+00
-1.071382436067304766e+00
-1.071177669383443165e+00
-1.071046031677829191e+00
