system              Natoms  Nao  error_normal  time_normal  error_tight  time_tight  STC_MAE   time_STC  time_exact  time_b3lyp  time_wb97m-v
Melatonine          33      734  3.644284      78.891       0.832728     305.903     0.168716  18.6999   2991.57     0.75240     1.34932
Diclofenac          30      732  3.569552      108.237      0.458440     379.021     0.173723  25.1397   2593.83     0.82148     1.47428
Gly$_4$             31      706  4.068184      25.730       0.457812     81.399      0.195825  17.8150   2058.04     0.94338     1.62540
ISOL11-educt        30      740  6.778632      109.541      1.875836     389.739     0.158588  21.8525   2422.02     0.90440     2.25971
ISOL11-product      30      740  8.366844      156.403      2.621900     475.523     0.194659  29.3718   2632.87     0.92354     2.18204
OMCB                36      696  2.036604      63.307       0.443368     153.867     0.168549  11.3519   1230.28     0.50628     1.03459
PCP                 32      704  1.615216      134.002      0.919392     428.026     0.184298  15.3069   1215.06     0.55634     1.14156
(Neopentane)$_2$    34      796  1.119724      30.237       -0.318396    89.360      0.203306  11.3936   2141.66     0.53140     1.07430
(Cyclopentane)$_2$  30      740  1.222088      24.690       -0.055892    81.568      0.200701  9.76120   888.188     0.39909     0.85356
PPh$_3$             34      784  2.324856      129.041      0.433320     382.293     0.209310  25.8234   3562.69     0.70726     1.47937
DCMP                34      800  5.105012      80.244       0.903064     189.805     0.214591  32.9852   5186.29     0.99634     1.95549
Porphyrin           38      916  7.021668      692.472      2.686584     1792.611    0.193024  56.9096   9129.03     1.37878     3.00555
Asparagine          17      382  1.411744      12.594       0.146952     31.902      0.193808  3.30042   68.7300     0.13903     0.24730
Adamantane          26      524  1.191316      37.595       0.258108     94.981      0.139459  5.57233   220.021     0.19217     0.42129
Hexanoic-acid       20      408  1.031176      11.308       -0.084780    21.564      0.184472  2.03288   58.2837     0.13200     0.26595
Indolizine          16      368  1.775356      30.598       0.285740     65.806      0.190380  2.27427   33.4826     0.12130     0.22149
Biphenyl            22      500  1.477056      43.888       0.158256     114.680     0.177507  5.56478   203.897     0.18238     0.40097
Azulene             18      412  2.053560      48.328       0.438972     105.207     0.181656  2.57603   76.9166     0.14779     0.28677
Camphor             27      554  1.963756      53.093       0.477908     118.598     0.145317  7.31974   348.602     0.28446     0.56999
Baclofen            26      592  2.208048      52.110       0.096712     157.728     0.172337  8.38416   730.790     0.38994     0.74164
