2   10953436    40645      16589886     39665        1084
3   34751865    196083     99972720     1070456      3123
4   67363725    493983     115753948    2268730      6069
5   97502412    850528     486159308    12201725     10452
6   169619444   2176235    895879389    30804657     21471
8   338056303   6399345    1021856541   64743625     39901
10  535524727   12375329   4426338888   404843431    75583
12  847590782   24949340   3948285182   535433004    134512
14  1114091955  34487410   14657369119  2540672504   217897
16  1587272607  61037757   5871878113   1251896244   269586
20  2525923012  104892240  58443399628  18982437016  591655
24  3723250271  177777268  -1           -1           949962
30  6170015592  382796286  -1           -1           1765368
