2   0.04988987769441345  0.23080837245484608  0.03214937158430633
3   0.0634197207652730   0.3082884372034617   0.06893889274986801
4   0.0838952863954980   0.35712668014317333  0.1256483996196434
5   0.1027257590146330   0.38144302740537634  0.1905800679192390
6   0.15385786679382003  0.55166994142393630  0.3653381663891181
8   0.30277741284614379  0.97597992185369628  1.11099606618212
10  0.4750249594530453   1.4362224975779519  3.39846517833497
12  0.8439159955696769   2.3101980313347129  10.87000206854633
14  1.3402669087351394  3.304157653375375   28.5454813910746
16  2.140442523349594   5.056824080408628   62.328046425199
20  4.20469513144620    8.843892399893947   230.993665549561
24  8.814532460184192   15.584387790021610  720.47164877337
