ID  Nbasis  err_DLPNO  STC_MAE  DLPNO_time  STC_time
2   846     -0.518     0.228    393         79.5
3   528     -0.167     0.141    187         19.5
5   704     -0.269     0.190    575         44.6
9   640     -0.104     0.136    307         23.4
10  730     -0.080     0.221    535         48.7
11  740      0.742     0.137    992         65.3
13  588     -0.153     0.154    336         20.9
14  588     -0.186     0.161    360         27.5
15  876     -0.227     0.196    1017        99.2
20  648     -0.011     0.228    598         37.9
21  828     -0.252     0.240    721         107.6
